tree
version=v4
num_class=1
num_tree_per_iteration=1
label_index=0
max_feature_idx=23
objective=binary sigmoid:1
feature_names=Column_0 Column_1 Column_2 Column_3 Column_4 Column_5 Column_6 Column_7 Column_8 Column_9 Column_10 Column_11 Column_12 Column_13 Column_14 Column_15 Column_16 Column_17 Column_18 Column_19 Column_20 Column_21 Column_22 Column_23
feature_infos=[0.5:173405.76999999999] [0.40546510810816438:12.063395385242327] [6.7881727505367671e-05:7.2392774382901308] [0:23] [26.639999999955762:146609.45999999996] [-499205.66999999998:59706.080000000016] [0:1] [0:1] [0:1] [0:1] [0:1] [0:9] [0:63] [0.60999999999999999:293218.91999999998] none none [-2:-1] [-2.1403017263323205:1.9885059882865124] [0.014285714285714285:1] [0:1] [0:1] [0:1] none none
tree_sizes=3345 3358 3365 3383 3375 3369 3384 3389 3381 3373 3381 3381 3394 3186 3367 3388 3384 3390 3381 2965 3066 2986 2970 3400 3398 3393 3293

Tree=0
num_leaves=31
num_cat=0
split_feature=20 6 13 18 12 12 5 13 13 13 13 5 5 12 5 5 13 0 13 5 12 5 5 13 0 13 13 13 5 13
split_gain=285.631 25.9342 12.8855 7.96945 5.05428 4.80178 4.65433 4.55036 4.19483 5.85702 7.72722 3.85352 3.80504 3.46444 3.35764 3.41088 3.16169 3.10366 3.029 2.99796 2.87376 2.55179 4.23563 2.40923 1.27294 1.02015 2.04356 0.793705 0.160121 0.11495
threshold=1.0000000180025095e-35 1.0000000180025095e-35 26.515000000000004 0.73809523809523825 1.5000000000000002 38.500000000000007 -27535.634999999998 96589.825000000026 15.685000000000002 12.075000000000001 7.3550000000000013 -234049.09999999998 -38044.889999999992 48.500000000000007 -436410.60999999993 -369413.85499999992 64050.945000000007 2.1100000000000008 21.845000000000002 -384001.90999999997 15.500000000000002 -1896.6265604448979 -4124.9603678630838 445.80000000000001 3.2650000000000001 1877.0650000000003 3566.4250000000006 4004.0850000000005 -466460.58999999991 18.240000000000006
decision_type=2 2 2 2 2 2 2 2 2 2 2 2 2 2 2 2 2 2 2 2 2 2 2 2 2 2 2 2 2 2
left_child=3 2 4 11 8 7 12 16 9 10 -2 -1 14 -7 25 19 21 -6 24 -16 -9 22 -3 -17 -10 28 -27 -8 -5 -19
right_child=1 5 -4 6 17 13 27 20 18 -11 -12 -13 -14 -15 15 23 -18 29 -20 -21 -22 -23 -24 -25 -26 26 -28 -29 -30 -31
leaf_value=-0.77682067505521601 -0.71857293495207319 -0.66849982343345637 -0.78615954054773285 -0.80683845699544876 -0.70228828824949696 -0.72655560490431648 -0.80318923644585183 -0.72527837771195758 -0.64672890538188388 -0.74991061642173673 -0.66588731326726769 -0.72588338006623288 -0.74252094480880304 -0.67272960179776187 -0.77664685885464291 -0.80648530661968132 -0.62346512437820345 -0.7597635119056485 -0.71378333298072727 -0.74083049705421034 -0.66780315405580604 -0.69736184050754124 -0.6251072736255221 -0.78448636719569698 -0.68243321098646281 -0.76912984464961387 -0.80318923644585183 -0.82873378029303024 -0.81953774450804606 -0.74826846717441819
leaf_weight=6.7420353293418875 20.878561019897464 21.531016051769253 5.87209528684616 4.5671852231025696 4.3497002124786368 5.8720952868461591 5.8720952868461591 4.3497002124786359 5.2196402549743635 7.6119753718376151 10.439280509948729 8.2644304037094098 5.2196402549743643 6.0895802974700928 27.838081359863281 13.484070658683775 6.0895802974700919 4.3497002124786359 4.3497002124786368 7.3944903612136832 4.3497002124786377 4.5671852231025758 7.6119753718376151 161.59136289358139 4.7846702337265015 5.8720952868461636 17.616285860538483 6.3070653080940247 5.4371252655982953 4.3497002124786377
leaf_count=31 96 99 27 21 20 27 27 20 24 35 48 38 24 28 128 62 28 20 20 34 20 21 35 743 22 27 81 29 25 20
internal_value=-0.755239 -0.694939 -0.715168 -0.784202 -0.708884 -0.67078 -0.786238 -0.663782 -0.702054 -0.710572 -0.701011 -0.748768 -0.784761 -0.699153 -0.785666 -0.783324 -0.656622 -0.736773 -0.67895 -0.76913 -0.696541 -0.662612 -0.657166 -0.786181 -0.663805 -0.800369 -0.794674 -0.816418 -0.81374 -0.754016
internal_weight=408.872 132.666 72.205 276.206 66.3329 60.4608 261.199 48.4992 53.2838 38.9298 31.3178 15.0065 249.02 11.9617 243.801 210.308 39.7998 13.0491 14.354 35.2326 8.6994 33.7102 29.143 175.075 10.0043 33.4927 23.4884 12.1792 10.0043 8.6994
internal_count=1880 610 332 1270 305 278 1201 223 245 179 144 69 1145 55 1121 967 183 60 66 162 40 155 134 805 46 154 108 56 46 40
is_linear=0
shrinkage=1


Tree=1
num_leaves=31
num_cat=0
split_feature=20 4 2 18 3 5 0 2 3 5 4 17 4 4 5 2 3 17 5 3 5 13 3 5 13 5 2 13 13 2
split_gain=254.903 22.114 14.9272 7.33706 7.68185 6.24932 7.06383 5.79321 5.10069 4.95759 4.6267 4.75264 7.5515 5.50722 4.40425 3.78322 4.76005 3.62811 3.53994 4.39183 3.88196 5.67836 3.3836 3.12937 3.02391 2.51226 1.94203 2.01757 2.174 1.73558
threshold=1.0000000180025095e-35 10534.745000000004 0.026422702982759158 0.73809523809523825 19.500000000000004 -8261.1440049563607 3608.5450000000005 0.010917422980268753 20.500000000000004 -2779.6877835116961 185.72127912492928 0.15188586291482328 624.45883502211029 861.70390746856776 -27535.634999999998 0.091628467049023166 3.5000000000000004 -0.26573977231665852 -436410.60999999993 22.500000000000004 -377674.31999999995 2332.2150000000006 14.500000000000002 -38044.889999999992 5.6950000000000012 -213321.53499999995 0.10105202434854667 1877.0650000000003 3566.4250000000006 0.052552282872743612
decision_type=2 2 2 2 2 2 2 2 2 2 2 2 2 2 2 2 2 2 2 2 2 2 2 2 2 2 2 2 2 2
left_child=3 2 10 4 7 6 -3 -1 9 15 -2 17 22 -14 18 16 -7 24 26 20 21 -20 -13 -22 -12 -21 27 -5 -29 -11
right_child=1 5 -4 14 -6 8 -8 -9 -10 29 11 12 13 -15 -16 -17 -18 -19 19 25 23 -23 -24 -25 -26 -27 -28 28 -30 -31
leaf_value=-0.062699459486744366 -0.0024984653345469744 0.09190618942642742 -0.034867454363380471 -0.056836015716891647 0.049401764665386871 0.12976900363589353 0.010161570910629426 0.017810530770910066 0.050487166527040807 0.04559576005725717 0.027131332699380104 0.080581256281364977 -0.017339610759659535 0.049003668334857781 -0.059502473496350607 0.12782079234898272 0.07551987292267312 0.092874446611908773 0.017628581043216875 -0.017221874574319569 -0.031483836563396018 -0.028530153849030179 0.028755016824517622 0.0094250655079576549 0.062932095326771686 0.0326965577529027 -0.07256527318628582 0.0003499344207102218 -0.038962423728323654 0.083545216934743496
leaf_weight=4.5751122087240201 4.8565314561128607 4.4778260439634305 6.5022983551025382 9.7881611883640307 6.0974954068660727 5.5989923775196102 6.4488564133644104 4.3672977834939957 8.726272374391554 5.7928231060504931 8.3732056468725187 7.7323600947856921 8.7899945080280286 4.8562870919704428 11.903500080108641 10.316087797284125 14.55558407306671 6.8608648031950024 11.022239997982981 5.3870200365781784 170.59506677091122 16.84577739238739 5.3134990185499191 4.8064965307712546 19.954999700188637 4.7366542518138868 4.9276490211486808 4.7605612874031094 13.45996145904064 6.2779885232448578
leaf_count=21 22 20 30 46 28 25 29 20 39 26 38 35 40 22 56 46 65 31 51 25 793 78 24 22 90 22 23 22 63 28
internal_value=-2.26156e-05 0.0560673 0.037449 -0.0278209 0.00612729 0.0779922 0.0436611 -0.02338 0.0853092 0.092452 0.0444948 0.0481829 0.0322729 0.0062699 -0.0297981 0.103195 0.0905904 0.0602512 -0.0283626 -0.0260078 -0.0276086 -0.0102736 0.0594727 -0.0303628 0.0523502 0.00613391 -0.0436194 -0.0385269 -0.0286911 0.0653331
internal_weight=408.707 135.434 73.24 273.273 15.0399 62.1944 10.9267 8.94241 51.2677 42.5415 66.7377 61.8812 26.6921 13.6463 258.233 30.4707 20.1546 35.1891 246.33 213.393 203.27 27.868 13.0459 175.402 28.3282 10.1237 32.9363 28.0087 18.2205 12.0708
internal_count=1880 610 332 1270 69 278 49 41 229 190 302 280 121 62 1201 136 90 159 1145 991 944 129 59 815 128 47 154 131 85 54
is_linear=0
shrinkage=0.05


Tree=2
num_leaves=31
num_cat=0
split_feature=5 12 0 18 4 3 3 12 0 4 12 5 3 5 3 5 0 13 0 3 5 13 3 5 3 0 0 3 3 0
split_gain=216.501 21.629 9.76159 8.21797 7.64109 5.99941 5.50424 4.29792 5.55723 3.40071 3.97608 4.25527 4.16926 3.92511 3.26636 3.8181 3.21003 2.23809 4.55594 4.24707 4.94465 3.80853 3.32463 2.09404 1.91045 2.17368 1.66126 1.52984 0.778881 0.755254
threshold=-9662.9419252679018 2.5000000000000004 5340.4300000000012 0.73809523809523825 185.72127912492928 21.500000000000004 19.500000000000004 1.5000000000000002 3.0750000000000006 10534.745000000004 11.500000000000002 -2408.1759450999721 3.5000000000000004 -7444.4335043161382 22.500000000000004 -283782.91999999998 3.5850000000000004 2332.2150000000006 2467.8650000000002 1.5000000000000002 -457596.55999999994 808.71000000000015 17.500000000000004 -6830.0590807903436 1.5000000000000002 19543.165000000005 4524.1100000000015 12.500000000000002 10.500000000000002 1913.9850000000004
decision_type=2 2 2 2 2 2 2 2 2 2 2 2 2 2 2 2 2 2 2 2 2 2 2 2 2 2 2 2 2 2
left_child=3 2 4 6 -2 7 28 8 -6 -3 23 12 -12 -14 17 -16 -9 19 29 21 -21 -5 -22 -11 26 -26 -20 -25 -1 -19
right_child=1 9 -4 14 5 -7 -8 16 -10 10 11 -13 13 -15 15 -17 -18 18 24 20 22 -23 -24 27 25 -27 -28 -29 -30 -31
leaf_value=-0.0005810240246002567 -0.013032474915493492 0.036319320523400825 -0.038981405923745487 -0.026732784348910212 0.061766918689593268 0.0898669740880471 0.046110577267302555 -0.021850428916903742 0.028352649675480131 0.072755646484429379 0.11839935960292299 0.03333183184118841 0.039082654749029756 0.081694844985830836 -0.033240765275586191 0.025375016243328764 0.037504205499191146 -0.048144911719941605 -0.025246342220275692 -0.071054263370770268 -0.017491752204580546 0.035372194560979758 -0.041334649435492823 0.12794830817406461 -0.030821172123572622 -0.010842502834173718 -0.064852301439855209 0.09065038140609985 -0.029471682084618946 -0.072106916153408682
leaf_weight=4.790399566292761 6.5628431588411322 5.3647045344114295 4.3210842162370673 4.4389077275991422 23.908819377422333 6.3190101385116568 6.2032212913036338 4.6797199696302396 25.947658196091652 5.2984237819910076 5.0799137353897121 6.8103410005569449 7.7451122105121639 17.879225462675095 5.1184156090021133 6.0762078166007978 4.438371330499649 6.1916081458330137 4.2584414631128293 5.8371768891811362 59.39278544485569 5.561335951089859 19.395050570368767 6.0393054187297803 111.38335503637791 15.510414049029349 6.9993797242641449 5.0466190874576569 4.5475180000066757 7.0131724774837494
leaf_count=22 30 24 20 21 106 28 28 21 116 23 22 30 34 78 24 28 20 29 20 28 279 26 91 26 524 73 33 22 21 33
internal_value=-4.28254e-05 0.0516305 0.0340069 -0.0257056 0.0383961 0.0435653 0.00960211 0.0386041 0.0443766 0.0742838 0.0780625 0.0690878 0.0770186 0.0688151 -0.0278393 -0.00142534 0.00704135 -0.0290414 -0.0328124 -0.0230095 -0.0266508 0.00780504 -0.0233611 0.0986116 -0.0301305 -0.0283791 -0.0498707 0.110969 -0.0146506 -0.0608713
internal_weight=408.159 135.441 76.1775 272.717 71.8564 65.2936 15.5411 58.9746 49.8565 59.2636 53.8989 37.5146 30.7043 25.6243 257.176 11.1946 9.11809 245.982 151.356 94.6253 84.625 10.0002 78.7878 16.3843 138.152 126.894 11.2578 11.0859 9.33792 13.2048
internal_count=1880 600 341 1280 321 291 71 263 222 259 235 164 134 112 1209 52 41 1157 712 445 398 47 370 71 650 597 53 48 43 62
is_linear=0
shrinkage=0.05


Tree=3
num_leaves=31
num_cat=0
split_feature=20 6 2 5 3 12 3 1 5 12 13 13 13 2 13 2 17 3 5 3 5 13 2 3 13 5 12 1 12 5
split_gain=205.627 16.5714 11.9281 5.1859 4.85805 4.25326 3.9898 6.99483 4.13077 3.71574 3.62658 5.32923 5.16553 3.59722 3.57181 3.53585 4.24215 3.85275 3.38167 3.21943 3.07742 2.90154 4.26715 3.36966 2.84902 2.63857 2.55401 2.54065 2.26571 1.86065
threshold=1.0000000180025095e-35 1.0000000180025095e-35 0.026422702982759158 -27535.634999999998 1.0000000180025095e-35 1.5000000000000002 21.500000000000004 8.5565310488338344 -188705.96999999997 38.500000000000007 15.685000000000002 13.010000000000002 7.3550000000000013 0.044105391023314656 96589.825000000026 0.091628467049023166 1.0214862663308919 6.5000000000000009 -243534.68499999997 9.5000000000000018 -4635.0901728232539 2171.1250000000005 0.0057679146661432533 1.5000000000000002 1055.3700000000001 -188705.96999999997 2.5000000000000004 7.9775657200687657 15.500000000000002 -108838.98499999999
decision_type=2 2 2 2 2 2 2 2 2 2 2 2 2 2 2 2 2 2 2 2 2 2 2 2 2 2 2 2 2 2
left_child=3 2 5 4 18 10 21 8 -8 14 11 12 -2 -11 15 17 -17 -3 -1 -12 -19 22 24 -23 -6 -9 -7 -25 -16 -24
right_child=1 9 -4 -5 6 26 7 25 -10 13 19 -13 -14 -15 28 16 -18 20 -20 -21 -22 23 29 27 -26 -27 -28 -29 -30 -31
leaf_value=-0.017583799564799513 0.030104946680600864 0.093731215645335972 -0.032484027941142461 -0.057925833783057795 -0.036730004381880767 -0.0016948113441381616 -0.050141237158894791 0.041047110851447285 0.0062326751375337448 0.071490764137333074 0.085438900962786876 -0.0068725722359262963 0.070578593204164139 0.018204350233949191 0.020390607363447662 0.12485743311286271 0.069037233251974514 0.036156955568094437 0.044059713781100032 0.03898577837411648 0.077032497162051475 -0.064649019430911614 0.00096816081395804097 -0.043884976933570408 -0.012160473279914093 -0.0077675069653392438 0.04441821772685324 -0.026696226509385901 0.069859568982469866 -0.032366617590445429
leaf_weight=4.6287296861410141 21.535964250564575 10.594615608453752 6.3474239259958258 11.944827571511267 35.93185319006443 8.8728409111499769 9.2757532447576505 7.0470448583364487 5.0016746670007732 6.0028427988290769 8.9026366174221021 5.817077472805976 12.435363635420797 6.704695388674736 4.584188297390936 7.775044232606886 6.0537525713443756 9.5350855737924558 4.2839311063289625 6.4192081391811362 8.9051806032657641 7.5333906561136237 23.96464274823666 27.120044335722923 17.567560434341431 4.5592979192733747 4.5386901944875708 103.70143260061741 4.6751553118228912 5.0720782428979865
leaf_count=22 95 45 30 58 171 40 44 33 23 26 39 26 54 29 20 33 26 41 20 28 38 36 113 129 83 21 20 493 20 24
internal_value=-5.78287e-05 0.049113 0.0330883 -0.0257242 -0.0242199 0.0391625 -0.0255297 -0.00695716 -0.0303923 0.0676191 0.0453077 0.0373483 0.0449205 0.043376 0.0735295 0.0796129 0.100421 0.0697022 0.0120456 0.065977 0.0558966 -0.027706 -0.0202865 -0.0321321 -0.0286621 0.0218714 0.0139106 -0.0302596 0.0453681 -0.00485469
internal_weight=407.332 139.7 74.8692 267.632 255.687 68.5218 246.775 25.8838 14.2774 64.8306 55.1103 39.7884 33.9713 12.7075 52.123 42.8637 13.8288 29.0349 8.91266 15.3218 18.4403 220.891 82.5361 138.355 53.4994 11.6063 13.4115 130.821 9.25934 29.0367
internal_count=1880 610 332 1270 1212 302 1170 121 67 278 242 175 149 55 223 183 59 124 42 67 79 1049 391 658 254 54 60 622 40 137
is_linear=0
shrinkage=0.05


Tree=4
num_leaves=31
num_cat=0
split_feature=5 6 13 5 18 2 4 4 18 3 3 4 3 5 13 11 3 17 3 2 5 3 2 0 4 3 0 18 4 3
split_gain=174.449 15.5443 16.1237 7.36363 7.31555 7.16002 5.3618 4.17858 5.99847 4.75106 6.01678 4.05425 2.87571 3.3226 2.73014 4.14022 4.45493 4.03015 2.512 2.23532 5.557 4.41224 4.25845 2.82603 6.26876 3.66219 3.04769 3.25154 1.90232 1.26726
threshold=-9662.9419252679018 1.0000000180025095e-35 26.515000000000004 -888.63133621359214 0.73809523809523825 0.016765665029081986 168.53500000000352 690.68255159416606 0.48452380952380958 19.500000000000004 16.500000000000004 783.57941151392708 22.500000000000004 -283782.91999999998 96589.825000000026 5.5000000000000009 17.500000000000004 0.34557921995775903 16.500000000000004 0.017987182990460055 -35579.279999999992 1.0000000180025095e-35 0.014588263250273804 19543.165000000005 34650.486436635292 12.500000000000002 1024.4200000000003 0.75357142857142867 46792.174057562355 11.500000000000002
decision_type=2 2 2 2 2 2 2 2 2 2 2 2 2 2 2 2 2 2 2 2 2 2 2 2 2 2 2 2 2 2
left_child=4 2 6 14 5 18 -2 9 29 10 -8 -10 19 -14 15 16 -3 -17 -1 20 21 -6 -23 26 25 -25 -21 -28 -18 -9
right_child=1 3 -4 -5 12 -7 7 8 11 -11 -12 -13 13 -15 -16 17 28 -19 -20 23 -22 22 -24 24 -26 -27 27 -29 -30 -31
leaf_value=-0.048300662287993998 -0.017593112222372236 0.095070569562462848 -0.059741027838756171 0.0091787253116210332 0.022975023168619435 0.047504413046073703 0.051831182344166019 0.038621333571234095 -0.026043555516439346 0.087828928044606291 -0.0080289555421062201 0.02439265788934674 -0.031159742560716176 0.023739782964823194 0.043142385542113852 0.02546402038309974 0.075947335666679716 0.077123670061378588 0.0057338628935087593 0.0041116319160429413 0.029368642239554255 -0.029212370675986855 0.0051645441086164805 -0.013444676143298119 -0.049745425113480325 0.04727307341371334 -0.049801271548484197 -0.030159942513914229 0.034570012876483966 0.073524225781886235
leaf_weight=4.2299365401267988 4.3960537016391745 23.504626527428627 4.7073881179094306 5.714210793375968 4.7088577896356574 6.914135828614234 25.340862691402439 5.5440407395362872 6.0385877937078503 6.9175885468721381 5.0313385874032965 11.712923645973204 5.0032200217247009 6.1360410004854185 8.9066481590270978 7.5345013886690122 5.9759027659893018 7.5669894069433212 4.3760858178138733 4.6255790293216696 4.9815681874752036 109.09129305183887 9.8194936960935575 6.0606072843074816 7.0695980936288825 4.2074916511774063 33.654365703463554 56.35536827147007 5.1904686391353607 4.8984674662351608
leaf_count=20 20 98 23 25 22 31 110 24 27 30 22 51 24 28 38 32 25 32 20 22 24 525 47 29 34 20 163 271 22 21
internal_value=-7.07696e-05 0.0453647 0.0298277 0.0633612 -0.0237005 0.00961557 0.0358614 0.0394499 0.0249243 0.0504324 0.041915 0.00723561 -0.0257547 -0.000918442 0.0686376 0.0731999 0.0827172 0.0513494 -0.0208246 -0.0269046 -0.0224074 -0.0244938 -0.0263736 -0.0320698 -0.0135117 0.0114352 -0.0354697 -0.0375038 0.0567139 0.0549939
internal_weight=406.214 138.981 74.5873 64.3933 267.234 15.5202 69.8799 65.4838 28.194 37.2898 30.3722 17.7515 251.713 11.1393 58.6791 49.7725 34.671 15.1015 8.60602 240.574 128.601 123.62 118.911 111.973 17.3377 10.2681 94.6353 90.0097 11.1664 10.4425
internal_count=1880 600 328 272 1280 71 305 285 123 162 132 78 1209 52 247 209 145 64 40 1157 618 594 572 539 83 49 456 434 47 45
is_linear=0
shrinkage=0.05


Tree=5
num_leaves=31
num_cat=0
split_feature=5 12 0 18 3 3 12 13 13 0 3 5 18 5 17 5 12 11 3 13 0 3 0 13 3 0 3 0 5 0
split_gain=156.98 15.0362 7.67464 6.70762 4.70525 4.60986 3.22921 4.03149 6.1419 2.67494 2.65302 3.01174 2.53558 4.42998 3.98126 3.7595 2.96532 2.18468 2.01151 1.89135 4.26493 3.76656 4.17892 2.98322 4.15257 2.59078 1.76636 1.85682 1.65957 1.62826
threshold=-9662.9419252679018 2.5000000000000004 5340.4300000000012 0.73809523809523825 21.500000000000004 19.500000000000004 1.5000000000000002 23.255000000000006 15.685000000000002 3.5850000000000004 22.500000000000004 -283782.91999999998 0.50714285714285723 -7724.5129589686594 -0.59821644771761318 -5626.3946565105043 38.500000000000007 5.5000000000000009 14.500000000000002 2332.2150000000006 2467.8650000000002 17.500000000000004 1341.5500000000002 319.52500000000003 1.5000000000000002 200.91500000000005 1.5000000000000002 19543.165000000005 -5279.1000011713768 4524.1100000000015
decision_type=2 2 2 2 2 2 2 2 2 2 2 2 2 2 2 2 2 2 2 2 2 2 2 2 2 2 2 2 2 2
left_child=3 2 4 5 6 -1 7 8 -2 -8 19 -12 14 -14 17 -16 18 28 -15 21 -21 23 -23 25 -25 -5 29 -28 -3 -22
right_child=1 12 -4 10 -6 -7 9 -9 -10 -11 11 -13 13 16 15 -17 -18 -19 -20 20 26 22 -24 24 -26 -27 27 -29 -30 -31
leaf_value=-0.013459250219133627 0.027376140296297188 0.095580471842764761 -0.03762826059801138 -0.016227398921792497 0.071254888777608424 0.041947352611064456 -0.024785383621923326 -0.0010301321833676093 0.067952408668091283 0.027821409557532362 -0.029994933060184262 0.022363687262287414 0.03158703266207722 0.10216155415304391 0.061933550367684012 0.0042927904678320581 0.048863201401771139 0.03775194386001695 0.068399910838231548 -0.057362516046532377 -0.021518898880116641 -0.055259329249967598 -0.0055823501500932918 0.021280640156321917 -0.0162112561503166 -0.070061583072897088 -0.027404775686990436 -0.0087467250602151856 0.061005435344413439 -0.061633320234285305
leaf_weight=9.2196051627397519 37.190009400248528 5.804827272892001 4.2038017511367789 4.6687519997358304 6.8634147495031348 6.3326634019613257 4.9190804660320264 7.8403971493244162 12.447513699531553 4.749520555138588 4.9392921924591064 6.1865810304880124 5.7021607011556652 12.168070241808897 4.7990714311599731 6.8905357122421247 5.7141698002815238 5.4493653178215018 6.9212481975555411 12.473562613129614 4.1003151983022672 13.48407666385174 6.1708257794380179 8.5326937735080701 54.934140101075172 4.2870398610830307 107.39231133460999 15.224898695945738 8.6310253888368624 6.6038555502891541
leaf_count=43 161 24 20 23 29 28 22 35 53 21 24 28 24 50 20 29 24 23 29 62 20 66 30 40 265 21 524 73 36 33
internal_value=-8.19879e-05 0.0426725 0.0280893 -0.0227552 0.0318221 0.00910153 0.0277914 0.0322886 0.0375514 0.00105673 -0.024745 -0.000880738 0.0610457 0.0713261 0.0511133 0.0279567 0.0804618 0.0647261 0.0899205 -0.0258611 -0.0294043 -0.020251 -0.0396628 -0.0149827 -0.0111707 -0.0419972 -0.0267885 -0.0250881 0.0749085 -0.0462672
internal_weight=404.845 140.294 78.2137 264.551 74.0099 15.5523 67.1465 57.4779 49.6375 9.6686 248.998 11.1259 62.0805 30.5056 31.5748 11.6896 24.8035 19.8852 19.0893 237.872 145.795 92.0775 19.6549 72.4226 63.4668 8.95579 133.321 122.617 14.4359 10.7042
internal_count=1880 600 341 1280 321 71 292 249 214 43 1209 52 259 127 132 49 103 83 79 1157 712 445 96 349 305 44 650 597 60 53
is_linear=0
shrinkage=0.05


Tree=6
num_leaves=31
num_cat=0
split_feature=20 6 0 5 3 12 3 0 5 17 0 0 3 17 0 5 5 5 0 3 12 5 5 5 5 0 17 13 13 13
split_gain=150.746 11.8199 7.03682 4.98329 4.11037 3.38309 3.17121 6.08554 3.61611 3.00884 6.40725 5.82819 4.66708 3.97548 3.48767 2.81736 2.77951 2.94655 4.57252 3.02516 4.32786 2.75124 2.49042 2.30629 5.05582 2.27054 4.79227 1.62331 1.61388 0.792105
threshold=1.0000000180025095e-35 1.0000000180025095e-35 1358.6750000000002 -27535.634999999998 1.0000000180025095e-35 1.5000000000000002 21.500000000000004 5199.6100000000015 -223031.35999999996 0.19547079915430776 4.1500000000000012 2.1100000000000008 12.500000000000002 -0.70802688984133433 2.5850000000000004 -243534.68499999997 -888.63133621359214 -8261.1440049563607 3608.5450000000005 20.500000000000004 40.500000000000007 -38044.889999999992 -188705.96999999997 -476083.54499999998 -466460.58999999991 2.1100000000000008 0.49162503997706941 6.3850000000000007 96589.825000000026 6757.6000000000013
decision_type=2 2 2 2 2 2 2 2 2 2 2 2 2 2 2 2 2 2 2 2 2 2 2 2 2 2 2 2 2 2
left_child=3 2 5 4 15 9 21 8 -8 11 27 13 -12 -2 -13 -1 17 18 -3 20 28 23 -9 29 -25 -7 -27 -11 -19 -6
right_child=1 16 -4 -5 6 25 7 22 -10 10 12 14 -14 -15 -16 -17 -18 19 -20 -21 -22 -23 -24 24 -26 26 -28 -29 -30 -31
leaf_value=-0.015589393018446441 0.042075893291033575 0.071260913538430212 -0.034812918401180448 -0.055215253107071517 -0.060474007102831941 0.037392726284133461 -0.050636338935564532 0.039142634345080099 0.00078085306737013939 -0.023748595632524308 0.086626920004511665 0.10719205048832192 0.020373030966254521 -0.0089835261567364974 0.052436649911346993 0.040692282279752953 0.020182117395204393 0.081851565864995812 0.0054215362150470472 0.037122797570078352 0.03615201606246745 0.013325020635939478 -0.0081884824289889992 0.032130350703853672 -0.025399650440737921 -0.042449109226441191 0.029764673086483392 0.012687841985851284 0.052968512586197128 -0.031722353689585273
leaf_weight=4.5355448573827744 16.99907810986042 4.8133697658777219 4.271764710545539 11.371784567832945 5.9615999311208707 4.6762198954820624 7.8732292801141739 7.1122511178255081 6.0450043678283709 4.5969698578119305 5.1105265170335752 4.7535487264394742 5.5388810485601425 4.9143057167530086 7.4913154393434525 4.3620519638061506 4.9420818686485282 29.216649681329727 5.8325402140617371 8.6599069237709028 7.9248047173023215 4.6773507297039023 4.5617543011903745 3.8951921164989463 195.08092704415321 4.4778816699981672 4.7180837094783783 9.1238829940557462 5.7958612591028205 4.0046721547842026
leaf_count=22 72 20 21 58 30 20 39 33 28 20 22 20 24 21 32 20 21 119 25 36 33 22 21 19 958 20 21 39 24 20
internal_value=-8.97617e-05 0.0409632 0.0275471 -0.0228497 -0.0213663 0.0312264 -0.0226075 -0.00597497 -0.0283047 0.0364884 0.0230668 0.046064 0.0521675 0.0306253 0.0736931 0.0120027 0.0562739 0.0591395 0.0351897 0.0640811 0.0695182 -0.0246001 0.0206474 -0.0254491 -0.0242734 0.00902574 -0.00539909 0.00048035 0.0770704 -0.0489209
internal_weight=403.339 143.858 76.6725 259.481 248.11 72.4007 239.212 25.5922 13.9182 58.5285 24.3703 34.1582 10.6494 21.9134 12.2449 8.8976 67.1852 62.2431 10.6459 51.5972 42.9373 213.62 11.674 208.942 198.976 13.8722 9.19597 13.7209 35.0125 9.96627
internal_count=1880 610 332 1270 1212 311 1170 121 67 250 105 145 46 93 52 42 278 257 45 212 176 1049 54 1027 977 61 41 59 143 50
is_linear=0
shrinkage=0.05


Tree=7
num_leaves=31
num_cat=0
split_feature=20 4 2 4 4 3 3 17 4 0 3 3 0 8 13 0 3 12 2 2 2 12 2 2 0 4 4 2 0 2
split_gain=135.98 11.0111 9.0476 3.00788 3.44391 3.69235 4.3486 3.57617 4.63019 3.25215 3.00365 3.11999 5.00709 2.95498 2.87747 3.4121 3.17342 2.9575 4.63165 2.63219 2.14292 2.05192 2.96536 4.49895 4.97372 2.98166 4.45605 2.70447 1.96736 3.87014
threshold=1.0000000180025095e-35 10534.745000000004 0.026422702982759158 185.72127912492928 690.68255159416606 19.500000000000004 16.500000000000004 0.16075031961430897 861.70390746856776 2.1100000000000008 1.0000000180025095e-35 21.500000000000004 5199.6100000000015 1.0000000180025095e-35 2332.2150000000006 2467.8650000000002 1.5000000000000002 1.0000000180025095e-35 0.0035062876052844427 0.048653474491555375 0.024334480381337818 38.500000000000007 0.24842900556557676 0.096463048984765501 7628.380000000001 51806.078072282158 82267.334118321989 0.044105391023314656 1084.0600000000002 0.010215289011756718
decision_type=2 2 2 2 2 2 2 2 2 2 2 2 2 2 2 2 2 2 2 2 2 2 2 2 2 2 2 2 2 2
left_child=10 2 3 -2 5 6 -5 9 -9 -6 13 14 -13 -1 17 -16 -17 28 -19 -14 -18 22 23 25 -25 -3 -27 -23 -12 -30
right_child=1 21 -4 4 7 -7 -8 8 -10 -11 11 12 19 -15 15 16 20 18 -20 -21 -22 27 -24 24 -26 26 -28 -29 29 -31
leaf_value=0.030349431945056401 -0.0066305398443423551 0.030100157385821627 -0.031936887594712172 0.044467411942141655 0.018396955854256377 0.075920458922723547 -0.0072107884144621869 -0.026454021120232735 0.03603077819235672 0.063541705110722088 -0.028703820974768948 -0.027246328786453351 0.044426988984706949 -0.025216589179070617 -0.053402153864369764 -0.060215354280150207 -0.016125637945825218 -0.018949664434917201 0.047762612539099726 -0.0028237149807905219 -0.030270037552514912 0.059121038797169373 0.021697174824015127 0.10244701100343703 0.042394228954704606 0.081842331611771346 0.036845063373803062 0.013423213179854615 -0.0021509388672435697 -0.039265379252371307
leaf_weight=5.3278670310974103 4.9819875061511985 11.288504451513289 6.2464363723993293 24.877925708889965 10.440788790583616 7.1980948299169532 4.8671588003635398 6.9848268181085569 5.1512456834316254 6.4560687839984885 41.655047357082367 13.744071558117868 5.0459630489349347 4.3429543524980545 13.472070813179014 6.7350740581750861 43.207565486431122 6.8782120496034604 4.1845963895320892 7.0870173573493958 70.422088041901588 6.2663965970277768 5.1935750991106024 10.830715075135229 5.0581317096948615 12.26153075695038 9.9803185015916807 6.6986736059188843 24.971087753772736 9.7728903144597989
leaf_count=25 22 46 30 105 44 30 21 31 22 27 207 67 23 21 69 35 215 34 20 33 351 26 22 44 21 50 41 28 122 48
internal_value=-9.65091e-05 0.0386536 0.0257531 0.0308315 0.0336603 0.0437873 0.0360114 0.0207742 6.81138e-05 0.0356462 -0.0219397 -0.0230092 -0.00658152 0.00539595 -0.0249301 -0.0295391 -0.0268682 -0.0178773 0.00628479 0.0168273 -0.0248916 0.053392 0.0576371 0.0614141 0.0833295 0.0510291 0.0616512 0.0355103 -0.021376 -0.0125906
internal_weight=401.629 144.782 77.2045 70.9581 65.9761 36.9432 29.7451 29.0329 12.1361 16.8969 256.847 247.176 25.8771 9.67082 221.299 133.837 120.365 87.4618 11.0628 12.133 113.63 67.5778 54.6128 49.4192 15.8888 33.5304 22.2418 12.9651 76.399 34.744
internal_count=1880 610 332 302 280 156 126 124 53 71 1270 1224 123 46 1101 670 601 431 54 56 566 278 224 202 65 137 91 54 377 170
is_linear=0
shrinkage=0.05


Tree=8
num_leaves=31
num_cat=0
split_feature=20 4 2 12 3 3 0 13 0 3 4 11 3 13 13 13 3 8 2 2 2 12 2 2 0 4 4 2 3 13
split_gain=122.775 9.83902 8.13389 2.9448 2.7592 2.88528 4.5531 2.68761 3.25406 3.03554 2.84573 6.1446 2.79558 2.67412 4.29599 4.2572 2.77325 2.65752 2.3277 1.99921 1.96244 1.84253 2.64832 4.00604 4.44549 2.64861 3.95426 2.39542 1.9597 1.83862
threshold=1.0000000180025095e-35 10534.745000000004 0.026422702982759158 1.5000000000000002 1.0000000180025095e-35 21.500000000000004 5199.6100000000015 2332.2150000000006 2467.8650000000002 1.5000000000000002 274.14259819487501 1.0000000180025095e-35 1.5000000000000002 15.685000000000002 13.010000000000002 7.3550000000000013 9.5000000000000018 1.0000000180025095e-35 0.048653474491555375 0.024334480381337818 0.0055862932345676101 38.500000000000007 0.24842900556557676 0.096463048984765501 7628.380000000001 51806.078072282158 82267.334118321989 0.044105391023314656 10.500000000000002 196.22000000000003
decision_type=2 2 2 2 2 2 2 2 2 2 2 2 2 2 2 2 2 2 2 2 2 2 2 2 2 2 2 2 2 2
left_child=4 2 3 13 17 7 20 10 -9 -10 29 12 -12 14 15 -2 -15 -1 -8 -11 -7 22 23 25 -25 28 -27 -23 -3 -6
right_child=1 21 -4 -5 5 6 18 8 9 19 11 -13 -14 16 -16 -17 -18 -19 -20 -21 -22 27 -24 24 -26 26 -28 -29 -30 -31
leaf_value=0.028502785217638982 0.020762113899401469 0.051087358056844584 -0.030742271326295874 0.0083448028630431267 -0.018881285997454745 -0.0051741577643770673 0.041566089703722803 -0.05207324750831456 -0.058963372802299324 -0.015432663778466145 0.02001798692033278 0.027492809014972138 -0.021277769400236544 0.068883793785984124 -0.01182441286460784 0.056683206029010072 0.026835588839139002 -0.024212066137222363 -0.0026853830670002755 -0.029160437271526698 -0.043370416718993735 0.055586563442291716 0.020523814079198278 0.096576782338322106 0.039999073924149614 0.077087230925057523 0.034833352490801189 0.012717809856195576 0.0093502806804293959 -0.059944634026655043
leaf_weight=5.3877960443496686 22.434788897633553 5.1957498043775541 6.1667711138725272 13.776863783597944 5.0753761380910856 6.1119750440120715 5.1215670555829984 13.133732154965399 6.5391647815704337 42.898400127887726 4.3818571716547003 8.0928745865821821 63.325991839170456 9.4047678709030169 5.9856127798557273 13.044037029147146 6.7255859524011603 4.2981440126895905 7.0796851515769958 69.47129026055336 7.4759147465229034 6.3298716396093351 5.2153896987438193 10.912182182073595 5.092046692967414 12.364088505506517 10.027592793107031 6.716243103146553 6.1313342750072479 5.8889301121234894
leaf_count=25 95 21 30 60 26 30 23 69 35 215 21 39 315 39 26 54 28 21 33 351 37 26 22 44 21 50 41 28 25 30
internal_value=-0.000101946 0.0365243 0.0243505 0.0291107 -0.0210627 -0.0220992 -0.00628117 -0.0239635 -0.0284555 -0.0258469 -0.0171274 -0.0136836 -0.0186052 0.034078 0.0273583 0.0339688 0.0513517 0.00511053 0.0158895 -0.0239197 -0.0261893 0.0504089 0.0544202 0.0579755 0.0785755 0.0481979 0.0581648 0.0335174 0.0284951 -0.0409364
internal_weight=399.806 145.523 77.5384 71.3717 254.283 244.597 25.7891 218.808 132.043 118.909 86.765 75.8007 67.7078 57.5948 41.4644 35.4788 16.1304 9.68594 12.2013 112.37 13.5879 67.9845 54.9384 49.723 16.0042 33.7188 22.3917 13.0461 11.3271 10.9643
internal_count=1880 610 332 302 1270 1224 123 1101 670 601 431 375 336 242 175 149 67 46 56 566 67 278 224 202 65 137 91 54 46 56
is_linear=0
shrinkage=0.05


Tree=9
num_leaves=31
num_cat=0
split_feature=20 4 2 18 3 2 5 5 4 4 5 0 5 2 3 4 4 4 18 4 3 3 3 0 13 2 13 13 2 2
split_gain=110.959 8.84433 7.31824 4.84202 5.00257 4.81227 3.94922 3.23946 2.93848 4.58829 2.80357 4.38769 3.12349 3.47874 4.93101 3.30364 2.70201 3.0233 4.49173 3.57783 3.27629 3.81068 2.2842 2.24133 2.05192 2.0093 2.10815 2.21485 1.57413 1.31822
threshold=1.0000000180025095e-35 10534.745000000004 0.026422702982759158 0.73809523809523825 19.500000000000004 0.010917422980268753 -27535.634999999998 -436410.60999999993 286.52714879399736 471.08835199809658 -8261.1440049563607 3608.5450000000005 -2408.1759450999721 0.091628467049023166 4.5000000000000009 51806.078072282158 185.72127912492928 690.68255159416606 0.36904761904761912 911.0072746674748 19.500000000000004 16.500000000000004 22.500000000000004 7628.380000000001 50450.845000000008 0.10105202434854667 1877.0650000000003 3566.4250000000006 0.00083528272240804356 0.016916187725137158
decision_type=2 2 2 2 2 2 2 2 2 2 2 2 2 2 2 2 2 2 2 2 2 2 2 2 2 2 2 2 2 2
left_child=3 2 16 4 5 -1 7 25 28 -10 11 -3 13 14 -12 -16 -2 20 -19 -20 21 -18 -11 -15 -14 26 -5 -28 -9 -8
right_child=1 10 -4 6 -6 -7 29 8 9 22 12 -13 24 23 15 -17 17 18 19 -21 -22 -23 -24 -25 -26 -27 27 -29 -30 -31
leaf_value=-0.05630092092732715 -0.0078908385463232322 0.061389124143225463 -0.029589644135867489 -0.050369656857264661 0.041057910620578612 0.019232501197835053 -0.028923076189078457 -0.028398683625293138 0.024856665201221203 -0.019607532005721701 0.08357626091850176 -0.00062220377130660972 0.014043810919380657 0.092001245711290036 0.0085779255390802771 0.050219021392357635 0.040114691449531135 0.053763374048691671 -0.0039891766864994585 0.042364291573964971 0.069577939337739259 -0.0081223395060991601 0.0056340911681393322 0.050745342736221138 0.054925142208337253 -0.067253724614463925 0.010370505099081148 -0.031033897770963183 -0.068264428881302089 -0.065761879865719214
leaf_weight=4.1251351833343488 5.0146020501852027 4.9191575795412046 6.0886632651090613 8.7779372781515175 6.3506812751293173 4.3138146549463272 3.8635033965110761 6.2598803043365461 6.382469415664672 170.63354755938053 7.4592831432819393 6.7899620085954666 7.6090255975723249 9.9285787194967252 7.1320427209138897 14.339830607175825 25.228704765439037 6.7938669025898006 16.982161730527881 5.5147486329078665 7.3217185139656058 4.8875031620264044 9.4596057832241041 4.9251891523599616 5.1446622163057327 4.372404232621192 4.3932856917381313 12.197294756770132 4.09664086997509 6.5374789088964462
leaf_count=21 22 20 30 46 28 20 20 32 32 862 30 29 31 40 29 58 105 28 73 23 30 21 44 20 21 23 22 63 21 36
internal_value=-0.000105767 0.0345598 0.0230392 -0.0202196 0.00753651 -0.0176898 -0.0219519 -0.0205689 -0.0182449 -0.0168052 0.0476981 0.0254296 0.05231 0.0586526 0.0485542 0.0363876 0.0275057 0.0301657 0.0181335 0.00737362 0.0395795 0.0322864 -0.0182817 0.0783217 0.0305348 -0.0359495 -0.030554 -0.0200698 -0.044168 -0.0520779
internal_weight=397.843 146.08 77.832 251.764 14.7896 8.43895 236.974 226.573 196.832 186.476 68.2477 11.7091 56.5386 43.7849 28.9312 21.4719 71.7433 66.7287 29.2908 22.4969 37.4379 30.1162 180.093 14.8538 12.7537 29.7409 25.3685 16.5906 10.3565 10.401
internal_count=1880 610 332 1270 69 41 1201 1145 991 938 278 49 229 177 117 87 302 280 124 96 156 126 906 60 52 154 131 85 53 56
is_linear=0
shrinkage=0.05


Tree=10
num_leaves=31
num_cat=0
split_feature=20 4 2 5 18 2 5 3 4 2 2 12 5 1 3 5 5 5 13 3 3 13 2 3 2 1 13 12 2 2
split_gain=100.368 7.98328 6.59108 4.55816 4.56278 5.45212 3.04174 2.86529 2.75879 4.26589 3.36723 2.61751 2.52645 3.92864 2.90839 3.15159 2.61449 2.4595 2.35836 4.22568 2.82679 2.59774 2.26646 2.12851 1.94348 2.12592 1.96891 1.70161 1.52337 1.34504
threshold=1.0000000180025095e-35 10534.745000000004 0.026422702982759158 -27535.634999999998 0.73809523809523825 0.016765665029081986 -436410.60999999993 17.500000000000004 286.52714879399736 0.001995317939268207 0.0028114478383539448 1.5000000000000002 -8261.1440049563607 8.1913364163969948 20.500000000000004 -2779.6877835116961 -4124.9603678630838 -223031.35999999996 15.685000000000002 11.500000000000002 5.5000000000000009 21.845000000000002 0.070556248150060868 15.500000000000002 0.10105202434854667 8.6883500914396379 3566.4250000000006 2.5000000000000004 0.00083528272240804356 0.016916187725137158
decision_type=2 2 2 2 2 2 2 2 2 2 2 2 2 2 2 2 2 2 2 2 2 2 2 2 2 2 2 2 2 2
left_child=3 2 11 4 5 7 24 -1 28 17 -11 18 13 -3 15 16 22 -10 19 20 -2 -20 -14 -21 25 26 -6 -13 -8 -5
right_child=1 12 -4 29 6 -7 8 -9 9 10 -12 27 14 -15 -16 -17 -18 -19 21 23 -22 -23 -24 -25 -26 -27 -28 -29 -30 -31
leaf_value=-0.045395066921521877 0.028567846442061163 0.05799675114581964 -0.028476733439788817 -0.027872613489085138 -0.029055445617805532 0.045064585035377309 -0.02735050894779293 0.01356621213319357 -0.013539125912032365 -0.049856941867199751 -0.016464571780807968 -0.0061862780314947373 0.042414057145716347 -0.00059117911216039463 0.024503878304307378 0.034108196983329085 0.087891540786733613 0.034855108764102284 0.060643170896925697 0.0617816091214623 -0.0094526350676200806 0.018045031784667522 0.072419596587739929 0.028640940529419873 -0.066134046317149447 -0.0071159563403421083 -0.06724811870989425 0.030630071129553745 -0.067063241731742565 -0.065062408385236165
leaf_weight=4.3083872944116575 8.861930727958681 4.9458022564649564 6.0122656226158133 3.8100405931472761 12.976147517561921 6.1237163394689551 6.1769423782825452 3.9492676556110382 4.539282813668251 7.9083794504404059 166.366928845644 9.0980213880538923 14.880346938967699 6.7889840751886368 9.5958215296268445 13.314675256609915 7.9562660604715409 6.2269646376371366 11.011667758226396 7.1809729933738735 10.904039606451986 5.3022411614656439 10.905882358551024 14.893805116415022 4.2277762293815604 7.4569817483425131 4.5604086071252814 4.7912907302379599 3.9648573845624924 6.7182672023773193
leaf_count=22 37 20 30 20 68 27 32 18 23 40 844 40 60 29 39 54 32 31 45 30 46 22 44 62 23 39 24 20 21 38
internal_value=-0.000108765 0.0327454 0.0218182 -0.0194069 -0.0179873 0.00931481 -0.019737 -0.0171965 -0.0174846 -0.0160929 -0.0179799 0.0260154 0.0452175 0.0241016 0.0495914 0.0547071 0.0628354 0.0144511 0.030673 0.0243858 0.00759357 0.0467982 0.0551044 0.0394217 -0.0347818 -0.0294784 -0.0389875 0.00651398 -0.0428759 -0.051604
internal_weight=395.758 146.444 78.0562 249.314 238.786 14.3814 224.405 8.25765 195.183 185.042 174.275 72.044 68.3878 11.7348 56.653 47.0572 33.7425 10.7662 58.1547 41.8407 19.766 16.3139 25.7862 22.0748 29.2213 24.9935 17.5366 13.8893 10.1418 10.5283
internal_count=1880 610 332 1270 1212 67 1145 40 991 938 884 302 278 49 229 190 136 54 242 175 83 67 104 92 154 131 92 60 53 58
is_linear=0
shrinkage=0.05


Tree=11
num_leaves=31
num_cat=0
split_feature=20 4 2 5 18 2 5 5 5 5 18 5 2 4 4 18 13 5 0 2 0 4 2 2 13 0 17 17 17 5
split_gain=90.8286 7.22931 5.93884 4.396 4.29646 4.87111 2.68869 2.95007 2.90754 4.02841 2.753 3.14877 2.50474 2.41549 2.72153 4.0197 2.56535 2.28202 3.52782 2.63864 2.61245 2.13 2.02565 1.88472 2.0375 2.11201 1.35434 3.26163 2.63389 3.58692
threshold=1.0000000180025095e-35 10534.745000000004 0.026422702982759158 -14073.589999999998 0.73809523809523825 0.016765665029081986 -436410.60999999993 -369413.85499999992 -384001.90999999997 -388803.67499999993 0.98452380952380969 -38044.889999999992 0.055455708351377378 185.72127912492928 690.68255159416606 0.48452380952380958 5.6950000000000012 -8261.1440049563607 3608.5450000000005 0.096463048984765501 7628.380000000001 783.57941151392708 0.0062076533487237838 0.10105202434854667 1877.0650000000003 8945.7500000000018 0.34557921995775903 0.81443717668638926 -0.70802688984133433 -5279.1000011713768
decision_type=2 2 2 2 2 2 2 2 2 2 2 2 2 2 2 2 2 2 2 2 2 2 2 2 2 2 2 2 2 2
left_child=3 2 13 4 5 -1 23 8 9 -8 12 -12 -9 -2 16 -16 -15 18 -3 26 -21 -17 -18 24 -6 -26 28 -28 -19 -30
right_child=1 17 -4 -5 6 -7 7 10 -10 -11 11 -13 -14 14 15 21 22 19 -20 20 -22 -23 -24 -25 25 -27 27 -29 29 -31
leaf_value=-0.016495194587060967 -0.0087761040492480361 0.054904024159243205 -0.027401540883650068 -0.065194235866333494 -0.048351768766636827 0.042250864377969377 -0.0022579650310870728 -0.023642267226306961 0.025567602418878583 -0.055802914168183462 -0.016977289985343504 0.027193062369714163 -0.049906644311564205 0.012176689916411935 0.03973098237252904 -0.022008731309591328 0.057416521428534255 0.04734290127258383 -0.00056169928805613995 0.074642018858403644 0.033423072911403666 0.013740826649918304 0.030943097991777829 -0.06510381826826693 -0.006435960766418153 -0.046117551573449225 0.08289396516994231 0.026923080933890117 0.047622250849462845 -0.0073423863650856893
leaf_weight=8.1848967373371107 5.0385519415140143 4.9626960754394513 5.9377014040946952 4.9651658236980429 8.4372605532407814 6.2028224617242804 20.99154631793499 46.331851378083229 6.8261610865592948 4.2185923010110882 105.02548685669899 4.1959747821092597 11.289395928382872 8.6982331573963148 10.964036762714388 6.3264151513576534 13.384969502687456 15.634946420788763 6.7880539149045944 13.100471556186678 5.4405268728733054 12.204284578561781 15.702766343951224 4.0835991501808158 11.456799030303957 4.740699589252471 5.2101013064384443 5.2013456225395203 5.2055391371250153 6.9060810357332247
leaf_count=40 22 20 30 28 46 27 106 241 34 22 537 22 59 36 45 28 55 63 29 53 22 51 65 23 60 25 21 21 21 28
internal_value=-0.000111031 0.0310493 0.0206688 -0.0186226 -0.017667 0.00883136 -0.0193421 -0.017277 -0.0033799 -0.011218 -0.0199454 -0.0152804 -0.0287881 0.0246156 0.0271162 0.0157341 0.0360008 0.0429171 0.0228631 0.0470732 0.0625471 0.00153586 0.0431251 -0.0336433 -0.0284282 -0.01805 0.0395544 0.0549321 0.0337842 0.0162813
internal_weight=393.657 146.707 78.257 246.95 241.985 14.3877 227.597 198.879 32.0363 25.2101 166.843 109.221 57.6212 72.3193 67.2807 29.4947 37.786 68.4498 11.7507 56.699 18.541 18.5307 29.0877 28.7184 24.6348 16.1975 38.158 10.4114 27.7466 12.1116
internal_count=1880 610 332 1270 1242 67 1175 1021 162 128 859 559 300 302 280 124 156 278 49 229 75 79 120 154 131 85 154 42 112 49
is_linear=0
shrinkage=0.05


Tree=12
num_leaves=31
num_cat=0
split_feature=20 2 5 5 5 18 2 5 2 0 13 5 5 5 5 13 2 0 2 17 13 17 2 2 17 0 17 5 2 13
split_gain=82.2372 6.52218 7.35954 4.26154 3.8416 4.05637 4.35612 2.46831 3.16374 2.78817 2.44667 2.37144 3.30724 3.22571 3.02359 1.91683 1.83036 2.04906 1.77827 8.91296 5.19011 4.16626 4.72781 3.96608 3.03724 2.04223 1.97979 1.47347 1.33952 1.04117
threshold=1.0000000180025095e-35 0.57367242637958793 -2408.1759450999721 -27535.634999999998 -35579.279999999992 0.73809523809523825 0.016765665029081986 -8261.1440049563607 0.091628467049023166 3608.5450000000005 52863.105000000003 -436410.60999999993 -112740.08999999998 -104671.08499999998 -186056.19999999998 21320.985000000004 0.10105202434854667 5932.3900000000003 0.0078259623211379935 0.53008679141234127 19.015000000000004 0.16075031961430897 0.0040395889151264991 0.0058921557690920735 -1.2410899671817808 3.9850000000000008 0.80806587997561985 -4124.9603678630838 0.016916187725137158 2566.5950000000007
decision_type=2 2 2 2 2 2 2 2 2 2 2 2 2 2 2 2 2 2 2 2 2 2 2 2 2 2 2 2 2 2
left_child=3 2 7 4 5 6 29 9 15 -2 -10 16 14 -14 -13 -9 17 -7 21 20 -20 22 24 25 -4 -23 -21 -17 -5 -1
right_child=1 -3 18 28 -6 11 -8 8 10 -11 -12 12 13 -15 -16 27 -18 -19 19 26 -22 23 -24 -25 -26 -27 -28 -29 -30 -31
leaf_value=0.0019959647119711268 0.052067187246602413 -0.027551333759725433 0.060093876334169141 -0.025821792196065146 0.033411367271726396 -0.036953222493172254 0.039679675555064013 0.065986075240882514 0.047679545564121822 0.001309559068231892 0.088188572599838644 -0.017253910341937923 -0.067605224491630742 -0.02449960984287285 0.00035022434696252685 0.026485456470565102 -0.064153848464081606 -0.0052959690052951499 -0.04948814241171564 0.064878564977096986 0.010071913954923623 -0.02113894144404331 0.068662151850860817 0.043217555106362764 0.019139463672215792 0.019656947162638834 0.026741670508942078 0.054386916150627365 -0.063650765401889492 -0.033791419268940172
leaf_weight=4.0917994379997236 4.9711743146181089 4.8497934788465491 5.6442050337791434 3.7027479708194715 3.7930449396371833 16.965933248400695 6.2726412415504447 6.2177494913339642 6.875162497162818 5.9365027695894241 8.1414441317319852 119.24485389888287 4.9907780885696402 33.28757007420063 30.663292050361633 16.129540175199509 3.940491557121276 7.3155008852481833 6.2644618451595333 5.1092867553234091 8.7899666428565961 8.5139993727207202 9.0858193188905698 5.761727273464202 22.872657611966137 4.7956218272447577 10.190294668078421 6.6962434649467495 6.3589964359998703 4.0380269289016724
leaf_count=20 20 25 23 20 18 92 27 25 28 25 33 617 26 172 158 65 23 39 27 21 36 37 37 24 94 20 43 27 38 20
internal_value=-0.000112614 0.0294667 0.0314141 -0.0178658 -0.0164992 -0.0173194 0.00837445 0.0457371 0.0510089 0.0244424 0.069642 -0.0190294 -0.0170025 -0.0301198 -0.013653 0.0413748 -0.0325451 -0.0274155 0.0223676 0.0126014 -0.0147123 0.0275982 0.0372528 0.00856248 0.0272454 -0.00643968 0.0394775 0.0346707 -0.0497296 -0.0157794
internal_weight=391.511 146.846 141.996 244.666 234.604 230.811 14.4025 54.9678 44.0601 10.9077 15.0166 216.408 188.186 38.2783 149.908 29.0435 28.2219 24.2814 87.028 30.354 15.0544 56.674 37.6027 19.0713 28.5169 13.3096 15.2996 22.8258 10.0617 8.12983
internal_count=1880 610 585 1270 1212 1194 67 223 178 45 61 1127 973 198 775 117 154 131 362 127 63 235 154 81 117 57 64 92 58 40
is_linear=0
shrinkage=0.05


Tree=13
num_leaves=29
num_cat=0
split_feature=5 12 0 5 18 5 5 12 5 5 13 5 2 4 4 2 5 2 5 4 17 2 13 9 12 18 17 17
split_gain=69.9676 6.83798 5.47331 3.80939 3.50509 4.16962 3.72888 2.78599 2.52672 3.98472 3.24102 3.11791 3.10991 2.26227 2.66348 2.73191 2.24354 2.96694 2.33145 2.09983 2.00893 2.00408 3.29655 1.99218 1.90289 1.55432 1.39449 1.20927
threshold=-17644.609999999997 2.5000000000000004 5438.5750000000007 -27535.634999999998 0.73809523809523825 -234049.09999999998 -35579.279999999992 1.5000000000000002 -112740.08999999998 -186056.19999999998 14370.215000000002 -104671.08499999998 0.033855273789539612 159.98811564288215 738.55499999999313 0.0017012554857949065 -7444.4335043161382 0.049616704167961774 -5430.3663672303228 55056.907751681683 -1.0326784248246039 0.0087294734308236352 48080.355000000003 1.0000000180025095e-35 15.500000000000002 0.73809523809523825 0.45025249902913977 -0.31270989949617872
decision_type=2 2 2 2 2 2 2 2 2 2 2 2 2 2 2 2 2 2 2 2 2 2 2 2 2 2 2 2
left_child=3 2 7 4 5 -1 8 13 9 12 -11 -10 -6 -2 15 -15 25 18 -18 24 -16 -20 -23 -13 -19 27 -9 -3
right_child=1 16 -4 -5 6 -7 -8 26 11 10 -12 23 -14 14 20 -17 17 19 21 -21 -22 22 -24 -25 -26 -27 -28 -29
leaf_value=-0.021369549190449637 -0.01214834539542292 0.017619929261807027 -0.037690357164571663 -0.063932767288328585 -0.014170913062317859 0.03262175036211553 0.031326442186072598 -0.018595803973519377 -0.066648782782835619 -0.0069033684918015197 0.036076914850273985 -0.031054027958192811 -0.029548699547602631 -0.0011787087758298549 0.043621854725484806 0.039794489460772992 0.061040384119524074 0.02472582574865257 0.047288771013899306 0.07467488783885258 0.0075352151109425031 -0.015847649628404261 0.034117095848977166 -0.0019919609747812224 0.060663289627835876 -0.0014481690901683158 0.017714633365963059 0.051124385732853599
leaf_weight=6.5863581597805023 4.0597415119409552 5.942871391773223 4.2899208068847647 4.2104683369398108 98.557783201336861 7.8235973417758924 3.8419076502323142 6.2558501064777357 5.0359375178813925 26.152627840638164 5.2699896246194831 26.001580536365509 49.335136339068413 4.6338429450988761 4.7051243036985424 33.329686596989632 5.4638124257326117 6.6198157966136959 6.3835505694150987 9.6254325509071332 21.387350514531136 5.6542674750089628 7.9325670897960663 7.6263306885957709 8.3041976541280729 4.764332801103591 4.5800482332706451 4.9250055998563758
leaf_count=31 19 24 23 25 518 36 18 27 27 135 27 136 263 20 19 137 22 27 26 39 92 23 32 40 34 20 20 20
internal_value=-0.000113534 0.0268264 0.017312 -0.016792 -0.0159518 0.00794395 -0.0175041 0.0203006 -0.0183648 -0.0158651 0.000304995 -0.0299578 -0.0193007 0.0240467 0.0263407 0.0347933 0.0388966 0.044067 0.032099 0.0564664 0.0140425 0.0241808 0.0133239 -0.0244632 0.0447226 0.0223642 -0.00324834 0.0328032
internal_weight=389.299 148.857 83.2416 240.442 236.231 14.41 221.821 78.9516 217.979 179.316 31.4226 38.6638 147.893 68.1157 64.056 37.9635 65.6159 49.9836 25.4342 24.5494 26.0925 19.9704 13.5868 33.6279 14.924 15.6322 10.8359 10.8679
internal_count=1880 624 357 1256 1231 67 1164 334 1146 943 162 203 781 287 268 157 267 203 103 100 111 81 55 176 61 64 47 44
is_linear=0
shrinkage=0.05


Tree=14
num_leaves=31
num_cat=0
split_feature=20 4 2 18 3 2 3 3 0 3 3 2 3 0 0 3 0 18 3 0 0 2 2 3 0 4 11 0 2 3
split_gain=67.6933 5.66813 4.64261 3.1046 3.99426 3.89817 2.4851 2.5766 3.69669 4.52875 1.86002 1.90677 2.74816 3.72043 2.52136 2.26659 2.52237 7.80457 6.3193 2.08465 2.95203 1.65907 1.46997 5.42246 6.20118 3.09122 3.35189 2.88923 1.9282 1.35213
threshold=1.0000000180025095e-35 10534.745000000004 0.026422702982759158 0.73809523809523825 19.500000000000004 0.010917422980268753 21.500000000000004 17.500000000000004 3.9850000000000008 11.500000000000002 22.500000000000004 0.017987182990460055 16.500000000000004 1978.7300000000002 425.0750000000001 1.5000000000000002 17790.535000000003 0.98452380952380969 6.5000000000000009 321.99500000000006 1488.9300000000003 0.0090259748542433973 0.064838870590480754 3.5000000000000004 3509.6600000000003 83855.528447177712 5.5000000000000009 7628.380000000001 0.10530758645074616 19.500000000000004
decision_type=2 2 2 2 2 2 2 2 2 2 2 2 2 2 2 2 2 2 2 2 2 2 2 2 2 2 2 2 2 2
left_child=3 2 6 4 5 -1 7 8 9 -2 11 12 19 14 -14 -13 18 -18 -17 -5 -21 -15 23 -3 25 26 -25 28 -24 -9
right_child=1 22 -4 10 -6 -7 -8 29 -10 -11 -12 15 13 21 -16 16 17 -19 -20 20 -22 -23 27 24 -26 -27 -28 -29 -30 -31
leaf_value=-0.053657784261156777 0.0056340014370767563 0.067737307629812296 -0.025621240547562381 -0.032989145148402385 0.035043412131199526 0.015015938836371395 0.050102152205007904 -0.022926015182322314 0.04906837655373255 0.04076754997638346 0.0022832936887939369 -0.051229710260708133 -0.008207594968218138 -0.029607082658676148 -0.0521239897532376 -0.0013349936694945512 0.050635215762496882 -0.026595918860150038 -0.034717075066279121 0.0028302054791309317 -0.01637332761123687 0.011497793615831147 0.036253998597858605 0.037908157109666767 -0.029299473075820755 0.065117726696067815 -0.0066466551824789196 0.019739845901403347 0.065435276287289332 0.011163679120708458
leaf_weight=3.9009560793638212 30.549212157726288 7.6192259639501563 5.7866544723510733 9.1904507875442487 6.509972319006919 4.3940459340810776 6.6267162412405005 4.9770176261663419 10.625335395336149 13.107716038823126 10.856649741530417 7.1632763147354117 4.2693890929222169 3.9886198043823224 13.938305437564848 19.260614022612572 4.6379921436309788 11.100021481513977 53.71228501200676 35.940258920192719 45.156545415520668 6.3836576044559479 9.3605352193117159 11.434259712696084 5.1688933223485938 5.2227852344512931 6.6916417181491843 8.379006013274191 14.322662964463232 6.9997038543224335
leaf_count=21 127 31 30 51 28 20 27 21 44 54 53 41 23 21 75 105 24 59 291 186 238 34 38 46 21 21 27 35 59 29
internal_value=-0.000113487 0.026631 0.0174857 -0.0164527 0.00572751 -0.0172798 0.0209081 0.0179884 0.0226198 0.0161826 -0.0179083 -0.0189292 -0.0146978 -0.0282105 -0.0418264 -0.0241753 -0.0219907 -0.00383591 -0.0259061 -0.0104204 -0.00786276 -0.00430893 0.0371808 0.0302664 0.020255 0.0312253 0.0214596 0.044974 0.0539017 -0.00300255
internal_weight=387.274 146.871 78.6724 240.403 14.805 8.295 72.8857 66.259 54.2823 43.6569 225.598 214.741 118.867 28.58 18.2077 95.8742 88.7109 15.738 72.9729 90.2873 81.0968 10.3723 68.199 36.1368 28.5176 23.3487 18.1259 32.0622 23.6832 11.9767
internal_count=1880 610 332 1270 69 41 302 275 225 181 1201 1148 628 153 98 520 479 83 396 475 424 55 278 146 115 94 73 132 97 50
is_linear=0
shrinkage=0.05


Tree=15
num_leaves=31
num_cat=0
split_feature=20 6 13 13 18 13 13 0 18 3 12 13 12 17 18 17 3 17 0 18 3 13 13 3 0 13 13 0 3 12
split_gain=61.3409 4.97733 3.30263 4.13074 4.33716 4.96842 3.08109 3.59576 2.83612 3.59078 2.14449 2.76191 2.35598 2.16464 2.88548 2.20617 2.08394 1.99258 1.98602 1.96169 1.7101 1.70333 2.72416 4.51809 3.78387 2.62812 2.42501 2.10134 1.53563 1.47192
threshold=1.0000000180025095e-35 1.0000000180025095e-35 21.845000000000002 19.015000000000004 0.48452380952380958 16.310000000000002 7.3550000000000013 1.3350000000000002 0.73809523809523825 19.500000000000004 38.500000000000007 96589.825000000026 48.500000000000007 -0.26573977231665852 0.7690476190476192 -0.86554471157380719 11.500000000000002 -1.2410899671817808 1.1150000000000004 0.87916666666666676 22.500000000000004 319.52500000000003 2332.2150000000006 1.5000000000000002 2467.8650000000002 1343.6650000000002 196.22000000000003 1009.7050000000002 1.5000000000000002 15.500000000000002
decision_type=2 2 2 2 2 2 2 2 2 2 2 2 2 2 2 2 2 2 2 2 2 2 2 2 2 2 2 2 2 2
left_child=8 2 3 4 6 16 7 -2 9 -1 11 13 -12 15 -15 17 -6 -3 -8 -16 21 26 23 27 -24 -25 -10 -23 -26 -13
right_child=1 10 -4 -5 5 -7 18 -9 20 -11 12 29 -14 14 19 -17 -18 -19 -20 -21 -22 22 24 25 28 -27 -28 -29 -30 -31
leaf_value=-0.016604272146533504 -0.012179629405322308 0.02843830827948628 -0.0064317004835305908 0.061369866158898459 0.00064461461787235046 -0.035298734402161115 0.072709104335905092 0.044987365060125441 -0.014087202887406433 0.033000782444466435 -0.003903984996833781 -0.0037876043494078689 0.03777176111955962 0.069982867487051112 0.011976238418364656 0.010919669360285225 0.026962550481362653 0.068258283817132642 0.033028958764287554 0.054954467567659371 0.0021670687565053777 0.050551900347601535 -0.05017216834848795 -0.022057111975444924 -0.038340287593166697 -0.0017966970362408574 -0.064506152970689165 0.00020812552905636033 -0.017348528150598907 0.034965013166886334
leaf_weight=8.2098996341228467 5.8743022382259387 7.437507539987565 12.860987216234205 5.851442113518714 14.109884530305864 5.9536798745393744 5.6719570159912092 5.1729447394609451 4.8630543947219831 6.5657747685909262 6.6282268613576871 4.9004196077585203 6.9436261504888535 13.813542112708097 4.8714673817157728 7.3458984345197633 16.109567537903786 5.4391279965639123 7.1015954613685608 5.8355547338724136 10.866708308458326 4.1126382499933225 10.645864009857176 40.034273907542229 9.4766580015420896 26.668678387999535 4.6799507737159729 4.1788692325353622 108.00460334122181 4.9008686542510986
leaf_count=41 24 30 59 24 60 25 23 21 27 28 27 20 28 57 20 30 67 22 29 24 53 20 62 213 55 140 27 20 584 20
internal_value=-0.000114558 0.0253077 0.0167434 0.0212699 0.0173588 0.00644935 0.0339255 0.0145892 -0.0157774 0.00543842 0.0352035 0.0396289 0.0174181 0.0448948 0.0548822 0.0327847 0.0146743 0.0452584 0.0506485 0.0354003 -0.0171798 -0.0181683 -0.0171984 -0.00962984 -0.0216284 -0.0139567 -0.038813 0.0251789 -0.0190418 0.0155896
internal_weight=385.13 146.823 78.7064 65.8454 59.9939 36.1731 23.8208 11.0472 238.307 14.7757 68.1162 54.5444 13.5719 44.7431 24.5206 20.2225 30.2195 12.8766 12.7736 10.707 223.531 212.665 203.122 74.9945 128.127 66.703 9.54301 8.29151 117.481 9.80129
internal_count=1880 610 332 273 249 152 97 45 1270 69 278 223 55 183 101 82 127 52 52 44 1201 1148 1094 393 701 353 54 40 639 40
is_linear=0
shrinkage=0.05


Tree=16
num_leaves=31
num_cat=0
split_feature=20 4 5 2 18 5 5 5 3 4 3 18 3 3 3 4 4 4 2 2 4 18 12 2 18 2 17 17 18 2
split_gain=55.5908 4.75967 4.17562 4.02205 2.74773 3.78164 2.40179 2.86055 3.79341 3.57747 6.8715 2.88959 2.42212 2.24743 2.37698 3.80367 3.31971 5.40313 1.79329 2.08356 3.17707 2.23925 1.65652 2.35276 1.91727 3.94544 2.47378 2.42622 2.88606 2.07832
threshold=1.0000000180025095e-35 10534.745000000004 -14073.589999999998 0.026422702982759158 0.73809523809523825 -234049.09999999998 -436410.60999999993 -377674.31999999995 22.500000000000004 3174.9100000000039 6.5000000000000009 0.98452380952380969 10.500000000000002 21.500000000000004 5.5000000000000009 850.23526075077064 861.70390746856776 738.55499999999313 0.10105202434854667 0.012841424127655843 9007.0499999999975 0.98452380952380969 38.500000000000007 0.044105391023314656 0.50714285714285723 0.14264519682148666 0.93595684928537837 -0.69726922309934014 0.42261904761904767 0.096463048984765501
decision_type=2 2 2 2 2 2 2 2 2 2 2 2 2 2 2 2 2 2 2 2 2 2 2 2 2 2 2 2 2 2
left_child=2 3 4 13 5 -1 18 9 11 10 -8 -9 -11 14 15 -2 17 -16 19 21 -21 -6 24 -24 27 29 -27 -3 -29 -26
right_child=1 22 -4 -5 6 -7 7 8 -10 12 -12 -13 -14 -15 16 -17 -18 -19 -20 20 -22 -23 23 -25 25 26 -28 28 -30 -31
leaf_value=-0.021207743839070842 0.046722716366279962 0.040930738764028654 -0.06286306037051663 -0.024704705286258954 -0.06456486463798207 0.030256945021373591 0.05755727539963526 -0.027266780036612294 0.018235524422743895 -0.045498364456312626 -0.011958396445193985 -0.012904607059490661 -0.0001437523330889602 0.046574542826564203 0.012928323617904192 -0.002108095612586645 0.040558867467629364 -0.035253415450693673 -0.062292666161126234 0.011285151994120928 -0.042621363912492771 -0.02041554197883292 0.039676655673644874 -0.0023164705845830349 0.04796445555275515 0.047338358011748467 -0.0036666481585341673 -0.014800956557856236 0.03529826277119328 0.083681744854849444
leaf_weight=6.5242380201816559 12.652730181813242 16.038842618465424 4.4933828860521308 5.7109268456697455 5.0259504616260582 7.8814310878515226 6.3112292885780361 53.051182374358177 7.6679660975933066 4.9125643223524076 8.1396855860948545 103.04920047521591 7.3448730558156967 6.6512396186590186 33.385608404874802 5.8234949111938468 7.5948672741651526 7.04677490890026 3.6256494075059882 7.1162938922643644 4.4377676993608475 6.7017583400011063 6.4588604718446714 6.8975742608308792 10.943834498524671 4.6432637274265272 4.8712095767259598 5.6164555251598376 5.8885578513145447 6.4870292395353308
leaf_count=31 52 65 28 30 29 36 32 293 36 27 43 552 38 27 138 24 31 30 23 39 25 38 26 28 45 20 20 23 24 27
internal_value=-0.000113613 0.024061 -0.015124 0.015708 -0.0141985 0.00694891 -0.0155999 -0.0136246 -0.0160991 0.00154821 0.0184016 -0.0177856 -0.0183211 0.0188629 0.0160913 0.0313318 0.0102283 0.00453095 -0.0295832 -0.0244893 -0.00941965 -0.0393359 0.0337708 0.0179904 0.0376389 0.0471215 0.0212249 0.0283624 0.0108411 0.0612569
internal_weight=382.994 146.711 236.283 78.8656 231.79 14.4057 217.384 190.477 163.768 26.7084 14.4509 156.1 12.2574 73.1547 66.5035 18.4762 48.0273 40.4324 26.9074 23.2818 11.5541 11.7277 67.8456 13.3564 54.4892 26.9453 9.51447 27.5439 11.505 17.4309
internal_count=1880 610 1270 332 1242 67 1175 1021 881 140 75 845 65 302 275 76 199 168 154 131 64 67 278 54 224 112 40 112 47 72
is_linear=0
shrinkage=0.05


Tree=17
num_leaves=31
num_cat=0
split_feature=20 4 12 13 4 4 3 3 8 12 13 3 13 12 3 10 18 13 7 3 0 0 3 3 8 3 18 0 12 13
split_gain=50.3974 4.48189 3.24918 4.03706 5.42103 4.84328 4.43472 2.62016 2.2201 1.98126 2.78119 2.89712 4.63387 2.11176 1.87735 4.81507 5.9471 4.29796 4.14646 3.66264 3.48357 5.04946 3.98953 2.21673 1.80145 1.66407 1.6368 1.34228 1.28896 0.280464
threshold=1.0000000180025095e-35 159.98811564288215 2.5000000000000004 5749.0250000000005 963.15105045996074 891.28043449558606 5.5000000000000009 1.0000000180025095e-35 1.0000000180025095e-35 38.500000000000007 96589.825000000026 10.500000000000002 53341.595000000008 48.500000000000007 18.500000000000004 1.0000000180025095e-35 0.73809523809523825 4894.2800000000007 1.0000000180025095e-35 17.500000000000004 1488.9300000000003 1341.5500000000002 1.5000000000000002 13.500000000000002 1.0000000180025095e-35 12.500000000000002 0.25357142857142861 2330.7800000000002 15.500000000000002 7192.2150000000011
decision_type=2 2 2 2 2 2 2 2 2 2 2 2 2 2 2 2 2 2 2 2 2 2 2 2 2 2 2 2 2 2
left_child=7 -2 3 4 5 6 -3 8 -1 10 11 26 -13 -11 19 16 -16 24 -19 20 21 23 29 -9 -18 -24 -4 -21 -12 -22
right_child=1 2 9 -5 -6 -7 -8 14 -10 13 28 12 -14 -15 15 -17 17 18 -20 27 22 -23 25 -25 -26 -27 -28 -29 -30 -31
leaf_value=0.033313402361474204 -0.027559943004976231 0.046473807929099581 0.032278536703386339 -0.017739764314865108 0.061050735855839103 -0.027919412927736267 0.013156703671529379 -0.01484314959575686 -0.01661023274473206 -0.004500159167233563 -0.0049693351861059727 0.016133742336973435 0.066356315442742134 0.034960250592258088 0.043733165295516761 -0.059607014123223917 -0.035663372204518304 0.025472170639623898 -0.025940178209406875 -0.064983033878204477 -0.065322010033091779 0.049959372546741251 -0.01432697324421502 0.013974856888434735 -0.0083996771587812932 -0.027869689956880658 0.065795860522710664 -0.029473088747320936 0.031378753018104451 -0.045422015189196453
leaf_weight=5.1749790012836439 4.274507224559783 12.920048072934149 4.9061815589666393 7.3573474735021582 7.6055218875408164 5.6240974366664878 44.008856639266014 38.250151425600052 3.909023180603981 6.6283093541860563 4.8906792253255826 15.913093805313112 6.4563409537076941 6.9408018887042999 5.9924066811799994 4.0560860037803641 13.208525359630585 12.265571713447573 5.7651071250438681 5.1010552495717985 4.2066842317581168 3.824663281440734 71.43011836707592 8.0832683145999891 11.193441957235336 33.237892284989357 14.141467824578283 5.5639971047639847 4.8654890507459641 3.0574032515287399
leaf_count=25 20 53 20 34 32 23 182 205 21 27 20 65 27 28 26 20 73 64 30 29 24 20 391 44 61 186 59 31 20 20
internal_value=-0.000113931 0.0228863 0.0244021 0.0174963 0.0211914 0.0163451 0.020718 -0.0144972 0.0118303 0.0326705 0.0371745 0.0428319 0.0306291 0.0156844 -0.015559 -0.00727696 -0.00289379 -0.00947853 0.00903365 -0.018075 -0.0162075 -0.00525763 -0.0211143 -0.0098156 -0.0231572 -0.0186275 0.0571627 -0.0464574 0.0131578 -0.0569462
internal_weight=380.853 146.533 142.258 77.5159 70.1585 62.553 56.9289 234.32 9.084 64.7424 51.1733 41.4171 22.3694 13.5691 225.236 52.4811 48.4251 42.4326 18.0307 172.755 162.09 50.1581 111.932 46.3334 24.402 104.668 19.0476 10.6651 9.75617 7.26409
internal_count=1880 610 590 324 290 258 235 1270 46 266 211 171 92 55 1224 274 254 228 94 950 890 269 621 249 134 577 79 60 40 44
is_linear=0
shrinkage=0.05


Tree=18
num_leaves=31
num_cat=0
split_feature=12 0 18 2 12 13 2 0 13 0 2 4 13 4 2 4 3 13 3 2 0 12 13 2 3 17 2 0 12 17
split_gain=29.8895 18.4331 4.33605 3.67341 3.65683 2.60208 3.84491 8.92987 2.8735 7.23403 5.20612 2.40523 11.171 3.67174 3.65467 2.11274 3.98673 2.84025 1.9291 1.86959 1.82728 1.74023 2.44311 3.44867 5.38198 3.21848 2.37973 1.17486 1.16785 1.13529
threshold=2.5000000000000004 4.9150000000000009 0.73809523809523825 0.012091522857512449 1.5000000000000002 7.3550000000000013 0.0021965318220031776 2.9400000000000008 10.140000000000002 4.1500000000000012 0.0052546115495410552 22682.872194785003 25720.310000000001 10214.59111348455 0.17641431682957306 6287.434999999984 6.5000000000000009 5510.4650000000001 9.5000000000000018 0.0050359520082798826 2622.9300000000007 38.500000000000007 96589.825000000026 0.091628467049023166 10.500000000000002 -0.86554471157380719 0.044105391023314656 1253.8650000000002 15.500000000000002 0.40191848329862395
decision_type=2 2 2 2 2 2 2 2 2 2 2 2 2 2 2 2 2 2 2 2 2 2 2 2 2 2 2 2 2 2
left_child=1 4 3 19 5 6 -1 -8 -7 10 -10 13 -13 15 -14 17 -17 -4 -15 -3 -5 22 23 24 27 -26 -23 -2 -24 -6
right_child=21 2 11 20 29 8 7 -9 9 -11 -12 12 14 18 -16 16 -18 -19 -20 -21 -22 26 28 -25 25 -27 -28 -29 -30 -31
leaf_value=-0.027879352001937564 0.034952141927287038 0.0089960894259480759 -0.013500212671686496 0.052423266581532395 -0.029195000469785071 0.059060067292616904 0.053073907069907028 -0.018640560559845528 0.027249379572699042 0.067892629707210939 -0.022928925635891377 0.067974996100071419 0.0014545498795880494 -0.050862250678991063 -0.055754593368225691 0.035017418095145351 -0.011166533218128393 -0.034167914983195262 -0.02302099468342016 -0.037889249432882716 0.011393902597965301 0.036894419556013851 -0.0047220524322852163 0.064007360009469494 0.03850822853252503 -0.0083064028114482671 -0.005043590974410244 0.063850925549510162 0.029905486730158377 0.0053700979837988209
leaf_weight=5.6390007436275509 5.6687221527099636 4.1352654248476046 137.77568703889847 4.6531711220741254 4.8638073801994306 6.7009215801954261 9.3039649873971957 8.1373356133699399 14.212942272424703 6.8021848648786536 8.1237656176090223 4.770942538976672 6.4875679165124875 10.129778936505319 4.9002001732587814 6.0214888751506832 20.862058892846107 18.903899401426315 16.127494916319847 4.3765539824962616 6.5104484409093857 6.4521220326423627 4.8894834220409376 11.230188995599745 6.1683328896760932 9.069511264562605 7.1102895736694336 9.2651848495006544 4.8503123074769974 4.6436623632907867
leaf_count=23 23 20 754 19 21 27 38 34 58 28 34 23 35 57 28 35 115 105 89 22 28 26 20 48 25 37 29 39 20 20
internal_value=-0.00011393 -0.00648887 -0.0128818 0.00963083 0.0164618 0.0211049 0.00801123 0.0196151 0.029537 0.0227477 0.00899974 -0.0148419 0.00374613 -0.0162735 -0.0231628 -0.0137719 -0.00082206 -0.0159938 -0.0337619 -0.0151111 0.0284956 0.0308309 0.0350535 0.040354 0.0315501 0.0106443 0.0149078 0.0528813 0.0125221 -0.0123126
internal_weight=378.786 314.082 245.655 19.6754 68.4276 58.9201 23.0803 17.4413 35.8398 29.1389 22.3367 225.979 16.1587 209.82 11.3878 183.563 26.8835 156.68 26.2573 8.51182 11.1636 64.7041 51.1417 41.4019 30.1718 15.2378 13.5624 14.9339 9.7398 9.50747
internal_count=1880 1613 1330 89 283 242 95 72 147 120 92 1241 86 1155 63 1009 150 859 146 42 47 267 212 172 124 62 55 62 40 41
is_linear=0
shrinkage=0.05


Tree=19
num_leaves=27
num_cat=0
split_feature=20 5 2 5 5 2 0 13 2 0 12 2 2 0 0 2 5 5 5 5 0 2 13 5 5 0
split_gain=41.3453 4.02943 3.7954 4.94942 2.15543 2.81799 2.32848 2.18023 1.73718 4.25984 2.4087 2.056 1.96575 2.36973 5.30094 1.82318 1.66594 2.01068 1.91443 3.1013 1.60688 2.84684 1.5184 1.3847 1.25943 2.51561
threshold=1.0000000180025095e-35 -14073.589999999998 0.57367242637958793 -2408.1759450999721 -8261.1440049563607 0.091628467049023166 3608.5450000000005 52863.105000000003 0.0078259623211379935 3.4450000000000007 14.500000000000002 0.045286084731050981 0.0066355364737282234 3.4450000000000007 3.9850000000000008 0.001995317939268207 -485997.22999999992 -493127.63499999995 -466460.58999999991 -436410.60999999993 220.69000000000003 0.0020197998870966388 21320.985000000004 -4124.9603678630838 -457596.55999999994 2961.9800000000005
decision_type=2 2 2 2 2 2 2 2 2 2 2 2 2 2 2 2 2 2 2 2 2 2 2 2 2 2
left_child=1 16 3 4 6 22 -2 -7 12 -10 11 -11 13 15 -15 -5 17 -1 -18 24 -21 -22 -6 -24 -20 -26
right_child=2 -3 -4 8 5 7 -8 -9 9 10 -12 -13 -14 14 -16 -17 18 -19 19 20 21 -23 23 -25 25 -27
leaf_value=-0.010235083111534572 0.040012704737578779 -0.06167101486267787 -0.02393661176447098 0.0071116087867942324 0.052434211024058756 0.03626976898072086 -0.0063684774241306698 0.07546463796966639 -0.02835244583245565 0.014439952597031942 -0.011245994321312108 0.053081843108902661 0.046679737120250114 -0.042491740276771259 0.025588645610175955 0.030089348650092926 0.014610042345752989 -0.062901446230942223 -0.062214659338708546 -0.035016134122276714 0.011151957701280279 -0.011817036352460902 0.016191602014445854 0.043535034316916993 0.0067534099394830974 -0.04698462076550642
leaf_weight=3.7096294611692429 4.8871423006057721 4.2247868180274954 4.6091220974922171 12.777040153741835 6.0071878135204342 6.6037925034761411 6.0631754100322723 7.6675146073102951 7.2197665870189693 12.234822556376463 6.1272827982902518 4.7899443358182898 6.1499567776918402 4.9233210086822492 6.8199021220207214 26.616400957107544 6.748714253306388 3.5431518107652655 3.4401815533637992 6.6845803260803214 14.593422919511793 178.45324085652828 15.939411669969559 6.5256666243076333 3.4880817979574186 5.7975814491510391
leaf_count=22 20 28 25 52 25 28 25 33 31 51 25 20 25 21 28 109 37 22 22 38 78 969 65 27 20 34
internal_value=-0.000112584 -0.0132899 0.0207134 0.0221694 0.0341238 0.0391943 0.0143315 0.0573279 0.0148468 0.00517993 0.0156367 0.0253119 0.0199719 0.0167599 -0.00295391 0.0226366 -0.0123873 -0.0359638 -0.0116073 -0.0124401 -0.0109152 -0.0100807 0.0301052 0.0241343 -0.0363725 -0.0267984
internal_weight=376.645 230.683 145.961 141.352 53.6939 42.7436 10.9503 14.2713 87.6584 30.3718 23.152 17.0248 57.2866 51.1367 11.7432 39.3934 226.459 7.25278 219.206 212.457 199.731 193.047 28.4723 22.4651 12.7258 9.28566
internal_count=1880 1270 610 585 223 178 45 61 362 127 96 71 235 210 49 161 1242 44 1198 1161 1085 1047 117 92 76 54
is_linear=0
shrinkage=0.05


Tree=20
num_leaves=28
num_cat=0
split_feature=5 12 13 5 3 5 3 12 13 2 1 5 5 2 3 17 5 3 13 3 12 2 17 1 18 5 17
split_gain=35.255 3.83498 4.04439 3.74702 3.49984 3.16733 3.12232 2.81662 2.26659 3.78926 3.77154 2.1624 2.06032 2.46498 3.42675 5.90512 2.05299 1.8175 6.21333 3.68148 1.46205 1.68987 1.60147 1.41293 1.24692 1.19107 0.534399
threshold=-17644.609999999997 2.5000000000000004 6596.630000000001 -27535.634999999998 21.500000000000004 -35579.279999999992 1.0000000180025095e-35 1.5000000000000002 7.3550000000000013 0.0021965318220031776 0.74905201808594823 -485997.22999999992 -7444.4335043161382 0.049616704167961774 8.5000000000000018 -0.86554471157380719 -243534.68499999997 18.500000000000004 18775.815000000006 16.500000000000004 29.500000000000004 0.14848674788923749 0.34557921995775903 8.4350921842355433 0.36904761904761912 -493127.63499999995 -0.31270989949617872
decision_type=2 2 2 2 2 2 2 2 2 2 2 2 2 2 2 2 2 2 2 2 2 2 2 2 2 2 2
left_child=3 2 4 5 7 6 16 8 9 -2 -10 25 23 14 24 -16 -1 19 -19 -13 21 22 -15 26 -14 -8 -3
right_child=1 12 -4 -5 -6 -7 11 -9 10 -11 -12 17 13 20 15 -17 -18 18 -20 -21 -22 -23 -24 -25 -26 -27 -28
leaf_value=-0.0076460722510347775 -0.036422586083499957 0.012228975604463996 -0.025912146925814974 -0.061762235304327576 0.049132250776485475 0.033785946894626044 -0.020551781101190665 -0.014367028503909899 0.06449222382846391 0.014117378992011077 0.01691035889960715 -0.012647615904960116 0.026971113779095501 0.043376383486567513 0.039568384142903264 -0.022744385901138506 0.041690894074786211 -0.01014279431375721 0.049500466163586374 -0.037573186980413079 0.021789254803655261 0.029451216091222907 0.079450607805981455 -0.0095512310179113585 0.062489533039427975 -0.062119359676909069 0.034914212480912102
leaf_weight=4.1471591889858246 4.8771574944257763 5.6051005721092215 6.5248519182205191 3.7874296009540549 6.8745965510606757 3.7774167805910102 3.4823553711175919 8.9983166009187681 4.7162696570157996 15.480527326464651 35.605180770158768 138.5572065114975 4.8042686879634875 5.9245548397302681 7.3739968091249448 7.8488931655883789 4.2894164621829969 44.610984042286873 4.8403628021478644 16.587482139468193 5.3111050426959983 5.8370730131864539 6.3999845236539841 5.0164198726415625 5.0878503173589706 3.4117024987936011 4.8359149098396292
leaf_count=22 20 23 33 25 28 18 21 39 19 64 154 772 20 25 30 32 20 238 23 95 22 25 28 21 21 22 20
internal_value=-0.000110232 0.0189633 0.0118755 -0.0124454 0.0150963 -0.0116104 -0.0123901 0.0117382 0.0156094 0.00200935 0.0224759 -0.01358 0.0281575 0.0332157 0.0223282 0.00744004 0.0174384 -0.012652 -0.00430483 -0.0153126 0.044865 0.0516131 0.0621093 0.0122578 0.0452394 -0.0411226 0.022736
internal_weight=374.614 147.122 83.0769 227.492 76.552 223.704 219.927 69.6775 60.6791 20.3577 40.3215 211.49 64.0452 48.5877 25.115 15.2229 8.43658 204.596 49.4513 155.145 23.4727 18.1616 12.3245 15.4574 9.89212 6.89406 10.441
internal_count=1880 624 357 1256 324 1231 1213 296 257 84 173 1171 267 203 103 62 42 1128 261 867 100 78 53 64 41 43 43
is_linear=0
shrinkage=0.05


Tree=21
num_leaves=27
num_cat=0
split_feature=20 5 4 2 5 3 2 17 3 5 13 5 2 13 3 2 18 5 4 18 3 3 0 2 2 5
split_gain=34.1484 3.93219 3.63608 4.31738 3.53772 2.87998 3.55189 3.36187 2.16706 2.14123 2.03914 1.91389 1.87172 4.85432 4.54227 2.98595 2.75791 1.99304 1.831 4.58901 2.89586 4.02013 2.45338 1.48287 1.44066 1.16468
threshold=1.0000000180025095e-35 -14073.589999999998 159.98811564288215 0.43880247401682754 -2408.1759450999721 4.5000000000000009 0.064838870590480754 -0.81410026545192471 1.0000000180025095e-35 -485997.22999999992 54410.750000000007 -6934.9209918923834 0.0020197998870966388 552.69500000000005 12.500000000000002 0.0028114478383539448 0.98452380952380969 -112740.08999999998 690.68255159416606 0.15357142857142861 19.500000000000004 6.5000000000000009 1.7100000000000002 0.014054119888691914 0.0012532177075263772 -493127.63499999995
decision_type=2 2 2 2 2 2 2 2 2 2 2 2 2 2 2 2 2 2 2 2 2 2 2 2 2 2
left_child=1 8 -2 4 5 11 7 -7 23 25 -8 -4 13 24 -15 16 -14 -17 20 -20 21 -6 -21 -1 -11 -10
right_child=2 -3 3 -5 18 6 10 -9 9 12 -12 -13 15 14 -16 17 -18 -19 19 22 -22 -23 -24 -25 -26 -27
leaf_value=0.031668318742004979 -0.026776226251297948 -0.060986692655034105 0.030643344993583805 -0.024752501771629434 0.042420484920271825 0.032863410918415874 0.024117782431931287 -0.0074447530310599256 -0.019763120703088236 -0.025084032438710518 0.055990022339698464 0.072425799088280507 -0.064768514075566802 -0.0032966336343498389 0.073520725587704144 -0.0088654767318166877 -0.011792546436219173 -0.022108705123638817 0.055022274278723228 -0.030552340735460617 0.051351477722354093 0.005107402563764016 0.0074314787702338403 -0.0092875238649600799 0.010617143129865513 -0.061393378501458019
leaf_weight=4.8130419850349409 4.2413304895162574 4.0566119551658621 4.7800390273332596 5.1440576463937751 10.530479267239569 9.7515219300985354 9.5015230476856249 11.017245277762411 3.4413216710090637 10.06781578063965 10.635830685496328 6.4242620021104795 5.2157611995935422 3.9252836257219306 3.7752263396978378 140.61496941745281 4.6443736106157303 35.603092364966869 4.6825881600379935 4.8750794082880011 7.4277509450912467 22.953178584575653 33.216659396886826 4.0866260975599289 3.9283532053232184 3.2827111184597006
leaf_count=23 20 28 20 27 43 40 40 45 21 58 46 28 30 21 19 776 26 202 19 20 30 94 138 22 22 22
internal_value=-0.000107766 -0.0122004 0.0188377 0.0202103 0.0219136 0.0321406 0.0259889 0.0114811 -0.0113145 -0.0123176 0.0409516 0.0546003 -0.0114189 0.00247889 0.0343636 -0.0130394 -0.0398155 -0.0115411 0.0155452 0.00831224 0.0231076 0.0168422 0.00257021 0.0128619 -0.0150637 -0.0400872
internal_weight=372.637 227.455 145.182 140.94 135.796 52.1104 40.9061 20.7688 223.399 214.499 20.1374 11.2043 207.775 21.6967 7.70051 186.078 9.86013 176.218 83.6857 42.7743 40.9114 33.4837 38.0917 8.89967 13.9962 6.72403
internal_count=1880 1270 610 590 563 219 171 85 1242 1197 86 48 1154 120 40 1034 56 978 344 177 167 137 158 45 80 43
is_linear=0
shrinkage=0.05


Tree=22
num_leaves=27
num_cat=0
split_feature=20 5 4 2 5 3 2 2 3 5 5 2 13 3 2 0 0 13 5 4 3 3 13 2 13 2
split_gain=30.9767 3.75834 3.29584 3.91057 3.25827 2.68161 3.24755 2.60008 1.9677 2.10078 3.6727 7.26968 3.63216 3.31243 3.13943 2.02015 3.15822 1.88709 1.82413 1.67886 2.61329 6.18563 1.64898 2.76259 1.62508 1.31973
threshold=1.0000000180025095e-35 -14073.589999999998 159.98811564288215 0.43880247401682754 -2408.1759450999721 4.5000000000000009 0.064838870590480754 0.040667976856494557 1.0000000180025095e-35 -411439.87999999995 -377674.31999999995 0.033531821415115175 15975.835000000001 22.500000000000004 0.0053180389018487526 8945.7500000000018 5932.3900000000003 54410.750000000007 -6934.9209918923834 601.44861418146513 6.5000000000000009 11.500000000000002 5.6950000000000012 0.0017844701651624155 5174.1750000000011 0.014054119888691914
decision_type=2 2 2 2 2 2 2 2 2 2 2 2 2 2 2 2 2 2 2 2 2 2 2 2 2 2
left_child=1 8 -2 4 5 18 7 -7 25 12 11 14 15 24 -11 16 -10 -8 -4 20 -6 -22 -21 -24 -12 -1
right_child=2 -3 3 -5 19 6 17 -9 9 10 13 -13 -14 -15 -16 -17 -18 -19 -20 22 21 -23 23 -25 -26 -27
leaf_value=0.029713151177366916 -0.02569640898763223 -0.060341503391061792 0.029212444398100824 -0.023764097138324877 0.046472048937211671 0.025424408839313968 0.022979373226520418 -0.010703747631384666 -0.030293527303832158 -0.0009552282947665287 -0.017612546882534108 -0.036578421533804882 0.021803499650327327 0.020505593270300049 0.05492626505809324 -0.063145179706839388 0.020156170325319731 0.0537356219249321 0.070216456607892982 -0.0097379166794138959 -0.020554197139483889 0.033603037862838282 0.046714119262949959 0.0084529827060767348 -0.0071019324230292835 -0.0088608286704690252
leaf_weight=4.8716908842325193 4.1996639072895041 3.8989786133170119 4.7638839036226273 5.0914774090051642 9.0628313869237882 12.412583425641062 9.4743247479200381 8.3168777227401716 24.542171649634845 3.8305262625217456 92.343635737895966 5.0564367622137061 4.0448926091194144 7.5458132773637763 7.3092622756958008 3.71594613790512 3.5510212779045096 10.530624032020567 6.298275560140608 9.4331223219633085 8.0709402263164538 15.205776467919348 5.4185361713170996 36.481867298483849 61.113565482199192 4.0696911662817001
leaf_count=23 20 28 20 27 37 51 40 34 144 21 518 28 24 36 38 23 21 46 28 39 33 62 22 151 344 22
internal_value=-0.000105883 -0.011677 0.0179505 0.0192545 0.0208713 0.030727 0.0247983 0.0109294 -0.0108223 -0.0117867 -0.00955334 0.0131423 -0.0228244 -0.0118364 0.0357109 -0.0284993 -0.0239166 0.0391695 0.0525582 0.0147704 0.0236935 0.0148246 0.00914887 0.0134009 -0.0134267 0.0121561
internal_weight=370.654 225.894 144.761 140.561 135.47 51.7966 40.7344 20.7295 221.995 213.053 177.199 16.1962 35.854 161.003 11.1398 31.8091 28.0932 20.0049 11.0622 83.6731 32.3395 23.2767 51.3335 41.9004 153.457 8.94138
internal_count=1880 1270 610 590 563 219 171 85 1242 1197 985 87 212 898 59 188 165 86 48 344 132 95 212 173 862 45
is_linear=0
shrinkage=0.05


Tree=23
num_leaves=31
num_cat=0
split_feature=5 5 5 5 3 1 2 3 17 2 17 3 17 2 13 13 17 13 5 5 12 3 13 3 17 17 17 5 18 17
split_gain=26.5228 3.62129 2.9244 2.90916 2.39752 2.0338 3.02609 4.60776 2.05547 1.98933 8.57931 3.86269 3.15951 3.66683 2.95514 2.8376 2.3214 4.45108 1.88161 1.7659 1.62009 1.57125 5.54896 3.49235 1.17164 3.04957 2.49935 1.13955 0.963688 0.62102
threshold=-17644.609999999997 -27535.634999999998 -35579.279999999992 -2408.1759450999721 1.0000000180025095e-35 9.0154717604536643 0.091628467049023166 3.5000000000000004 0.79050193399796276 0.0078259623211379935 0.53008679141234127 14.500000000000002 0.16075031961430897 0.0040395889151264991 19.015000000000004 7.3550000000000013 -1.2410899671817808 12.075000000000001 -485997.22999999992 -243534.68499999997 1.0000000180025095e-35 18.500000000000004 18775.815000000006 16.500000000000004 -0.69726922309934014 -1.1543105481958802 -0.24975758254837746 -493127.63499999995 0.330952380952381 0.98635108227264012
decision_type=2 2 2 2 2 2 2 2 2 2 2 2 2 2 2 2 2 2 2 2 2 2 2 2 2 2 2 2 2 2
left_child=1 2 4 5 19 6 7 -2 -8 12 14 29 13 16 -11 -14 -5 -18 27 -1 -17 23 -23 -20 25 -9 -26 -6 -16 -12
right_child=3 -3 -4 9 18 -7 8 24 -10 10 11 -13 15 -15 28 20 17 -19 21 -21 -22 22 -24 -25 26 -27 -28 -29 -30 -31
leaf_value=-0.0082958553338572157 0.056576658277961267 -0.060811476538255249 0.033451098600054484 0.044806836332227332 -0.018386444954755207 -0.00079262689966645521 0.065168385672298934 0.00086882567007489492 0.025152068452206688 -0.05188601564293991 0.058054386691563903 -0.0071624546858915193 -0.033558436552126744 0.052411572012928689 0.011427256580970969 0.032653804677590131 0.028141801821762763 -0.015885230835261811 -0.011014827327084782 0.037143544658089035 -0.0018559849635090718 -0.0089350457450993494 0.047156935083897483 -0.035708465612048643 -0.026915577822095804 0.051629725559937528 0.015685594908539682 -0.060405626171743193 -0.020588151146921769 0.033173958182452425
leaf_weight=4.1632937639951706 7.420401766896247 3.5817325189709655 3.7833498418331137 5.6469761729240409 3.3687781989574432 6.5900724455714217 8.008827790617941 6.3242549449205399 5.3545658588409415 6.2087622433900895 5.0395894050598127 5.279924973845481 4.7705518901348141 9.0987882316112501 3.9147726297378522 5.383310690522193 13.264422938227659 10.121012970805166 135.78758907318115 4.395690977573393 9.2352629601955396 43.973706766963005 4.9004515409469596 16.00593975186348 4.6999540477991113 5.5601804703474027 12.872453585267071 3.0968096107244483 5.8823292702436447 4.9926813393831253
leaf_count=22 33 25 18 23 21 33 37 26 23 27 21 22 20 37 16 22 54 42 772 20 39 238 23 95 19 23 58 22 28 21
internal_value=-0.000104583 -0.0109414 -0.0101276 0.0164894 -0.010892 0.0253239 0.0287496 0.0213627 0.0491343 0.010838 0.00069803 0.0274539 0.0163589 0.0247151 -0.0248983 -7.46396e-05 0.0160349 0.00908729 -0.0119635 0.0150407 0.0108523 -0.0111081 -0.00331089 -0.0136187 0.012492 0.0246175 0.00429139 -0.0385123 -0.00779528 0.0456723
internal_weight=368.726 223.057 219.476 145.669 215.692 56.8307 50.2406 36.8772 13.3634 88.8384 31.3181 15.3122 57.5203 38.1312 16.0059 19.3891 29.0324 23.3854 207.133 8.55898 14.6186 200.668 48.8742 151.794 29.4568 11.8844 17.5724 6.46559 9.7971 10.0323
internal_count=1880 1256 1231 624 1213 252 219 159 60 372 135 64 237 156 71 81 119 96 1171 42 61 1128 261 867 126 49 77 43 44 42
is_linear=0
shrinkage=0.05


Tree=24
num_leaves=31
num_cat=0
split_feature=20 4 2 4 4 3 3 3 2 18 17 17 18 1 2 17 2 2 3 1 13 3 1 1 3 3 1 7 3 1
split_gain=25.604 2.83141 3.42077 2.63075 2.76623 3.81274 2.63863 3.27523 2.6299 2.67713 2.98407 2.16025 1.83696 2.99157 5.06913 1.70671 1.58293 3.05699 2.43495 2.58844 5.7854 3.73025 2.15118 4.36607 4.3134 1.9954 1.85319 1.85185 2.97759 1.12217
threshold=1.0000000180025095e-35 159.98811564288215 0.43880247401682754 963.15105045996074 690.68255159416606 17.500000000000004 19.500000000000004 6.5000000000000009 0.0087294734308236352 0.50714285714285723 0.79050193399796276 0.16075031961430897 0.73809523809523825 6.9184033591040945 0.010917422980268753 -0.70802688984133433 0.017987182990460055 0.014588263250273804 1.5000000000000002 8.5565310488338344 3566.4250000000006 4.5000000000000009 9.2069246831960978 9.786478058839359 5.5000000000000009 1.0000000180025095e-35 7.8883160299978199 1.0000000180025095e-35 14.500000000000002 7.5166889808277402
decision_type=2 2 2 2 2 2 2 2 2 2 2 2 2 2 2 2 2 2 2 2 2 2 2 2 2 2 2 2 2 2
left_child=12 -2 3 4 6 11 7 -3 -5 15 -11 -6 13 -1 -15 -10 17 25 -18 20 21 -20 24 -24 -21 -14 -19 29 -29 -27
right_child=1 2 -4 8 5 -7 -8 -9 9 10 -12 -13 16 14 -16 -17 18 26 19 22 -22 -23 23 -25 -26 27 -28 28 -30 -31
leaf_value=0.042513878039917061 -0.024373812561455547 0.037317299983206806 -0.022946346835011025 0.056117185406088656 0.023568489017403382 -0.035389267685754733 0.047201081016030669 0.0035945566362079388 0.023337784288991151 0.049905702670411334 0.018968912883095095 -0.0099285398705765068 0.021259446406288487 -0.046696196312197145 0.023772066080041454 -0.00062187721608525164 -0.046785200466300136 -0.01053553511933502 0.03694730625979574 0.042327459415902227 -0.05858867477868375 -0.022809891738864482 -0.033382686498335638 0.002294303710687669 -0.0082167882927764706 -0.020781796622400608 0.034298538559177701 0.010945361667449536 -0.026072089101872992 -0.0081404421465184479
leaf_weight=4.1262692362070075 4.1461254358291617 10.489255294203756 5.0261198580265036 6.5492228567600241 11.756022706627851 6.0785391181707373 7.3795521110296241 22.96107317507267 15.777945891022684 14.227764561772348 17.239203453063965 8.1499528586864454 4.7226671427488318 4.6306330561637861 5.6853234171867371 14.052175641059874 6.2875596210360518 3.5767002701759321 3.4406573027372387 5.144324459135535 9.6107897087931615 10.837435759603975 19.439992778003216 15.343915455043314 23.517764866352081 46.237184748053551 6.4817888811230659 17.742371484637264 7.8297182917594901 28.300892382860184
leaf_count=19 20 43 27 27 48 25 30 94 66 63 73 35 22 25 25 59 41 20 20 30 58 64 115 86 134 265 36 101 46 163
internal_value=-0.000101992 0.0163454 0.017554 0.0190656 0.0120233 -0.000729684 0.0201394 0.0141692 0.0260009 0.0227831 0.032957 0.00985405 -0.0107125 0.00653242 -0.00785977 0.012051 -0.0119069 -0.00797431 -0.0167329 -0.0145693 -0.0285975 -0.00840993 -0.00928742 -0.0176448 0.000854986 -0.0105006 0.018356 -0.0119989 -0.000388722 -0.0159821
internal_weight=366.789 143.833 139.687 134.661 66.8144 25.9845 40.8299 33.4503 67.8463 61.2971 31.467 19.906 222.956 14.4422 10.316 29.8301 208.514 114.891 93.6224 87.3349 23.8889 14.2781 63.446 34.7839 28.6621 104.833 10.0585 100.11 25.5721 74.5381
internal_count=1880 610 590 563 275 108 167 137 288 261 136 83 1270 69 50 125 1201 653 548 507 142 84 365 201 164 597 56 575 147 428
is_linear=0
shrinkage=0.05


Tree=25
num_leaves=31
num_cat=0
split_feature=5 5 4 4 0 2 0 13 3 5 13 13 17 2 3 3 18 5 5 5 5 5 3 5 2 9 3 17 13 5
split_gain=21.7403 2.59059 2.77716 2.45678 5.59259 6.92369 4.37776 2.66026 2.55706 3.80188 1.98293 3.55298 3.4023 2.77747 2.24902 2.18245 1.88627 3.32685 3.32559 2.88229 2.39625 3.51222 3.91121 3.30931 3.17137 1.95621 1.635 1.5544 1.16887 1.02268
threshold=-17644.609999999997 -2408.1759450999721 159.98811564288215 51806.078072282158 7628.380000000001 0.091628467049023166 764.06000000000006 58981.05000000001 6.5000000000000009 -5279.1000011713768 21.845000000000002 19.015000000000004 0.0043325409936655623 0.0055862932345676101 18.500000000000004 11.500000000000002 0.73809523809523825 -234049.09999999998 -27535.634999999998 -35579.279999999992 -112740.08999999998 -186056.19999999998 20.500000000000004 -104671.08499999998 0.0037960554228891178 1.0000000180025095e-35 8.5000000000000018 0.10182639160304612 46307.955000000009 -6934.9209918923834
decision_type=2 2 2 2 2 2 2 2 2 2 2 2 2 2 2 2 2 2 2 2 2 2 2 2 2 2 2 2 2 2
left_child=16 3 -3 4 5 6 -2 8 -5 -10 11 12 15 -14 26 -4 17 -1 19 20 21 24 -23 -22 -18 -25 27 -12 -8 -7
right_child=1 2 10 7 -6 29 28 -9 9 -11 14 -13 13 -15 -16 -17 18 -19 -20 -21 23 22 -24 25 -26 -27 -28 -29 -30 -31
leaf_value=-0.019301585808232179 0.044431997693536146 -0.032554703934830537 0.010319769758985117 0.069059081274362374 -0.03638951748782962 0.036902293565523998 -0.032297093698896613 0.010434947078570268 0.056693679875186226 -0.0029648028837067839 -0.016505358045754346 0.055012490532646376 -0.018916617202522718 0.013605382693561645 0.026816931858040488 0.037217829827237113 -0.028189855161189742 0.029524402251693938 -0.060106995944580945 0.032772490156680441 -0.063452775812238849 0.014820062891230334 -0.035549823239685162 -0.024160193342833938 -0.0084342064587269016 0.0059489259495059781 -0.027320530063918838 0.023954378887800901 0.00056461362448922709 0.067549892628266328
leaf_weight=6.3116773962974548 4.1563941836357179 3.7384685128927222 14.91254833340645 6.9742099344730439 4.7006468325853339 5.1335505843162537 5.4349451214075071 7.8027687370777121 6.0210586041212117 4.798992499709124 4.7415476590395027 5.3569656759500495 11.646870627999308 15.045934751629828 5.4324646890163413 15.256255179643629 24.933511562645435 7.8004179000854474 3.4194447472691527 3.7964596301317206 4.4363760203123084 24.798947110772136 4.5631352812051764 23.433894366025928 109.65468639135361 7.0078323185443869 7.6406712010502806 4.7539241760969162 5.3891839534044266 5.794372230768202
leaf_count=31 19 18 61 31 25 23 26 34 25 20 20 22 49 62 23 62 147 36 25 18 27 138 24 136 634 40 35 20 22 27
internal_value=-0.000102055 0.0149504 0.00962017 0.0233456 0.0137861 0.0228897 0.000813508 0.0347768 0.0454506 0.0302335 0.0114798 0.016085 0.0124176 -0.00058494 -0.00121624 0.023922 -0.00999759 0.00768683 -0.0112088 -0.0103836 -0.0112076 -0.00867592 0.00699212 -0.0231084 -0.0120941 -0.0172289 -0.0101033 0.00375088 -0.0159357 0.0531527
internal_weight=364.888 144.732 88.5257 56.2061 30.6091 25.9084 14.9805 25.597 17.7943 10.8201 84.7872 62.2186 56.8616 26.6928 22.5686 30.1688 220.156 14.1121 206.044 202.625 198.828 163.95 29.3621 34.8781 134.588 30.4417 17.1361 9.49547 10.8241 10.9279
internal_count=1880 624 372 252 142 117 67 110 76 45 354 256 234 111 98 123 1256 67 1189 1164 1146 943 162 203 781 176 75 40 48 50
is_linear=0
shrinkage=0.05


Tree=26
num_leaves=30
num_cat=0
split_feature=20 5 4 4 3 12 11 4 2 13 13 13 2 4 2 3 18 18 5 5 5 13 2 7 3 18 2 2 3
split_gain=21.1143 3.68757 2.32998 2.75669 2.74736 2.06059 2.89422 2.64161 2.17213 1.85083 2.92015 2.52509 1.70388 4.88817 4.23308 2.54872 1.69704 1.59842 2.98853 1.92519 2.65045 4.22984 5.72645 4.67744 3.25848 2.6089 1.8833 2.18427 1.56587
threshold=1.0000000180025095e-35 -14073.589999999998 32510.018188290513 40111.225607259927 4.5000000000000009 29.500000000000004 1.0000000180025095e-35 168.53500000000352 0.16747585203336657 21.845000000000002 19.015000000000004 10311.560000000001 0.049616704167961774 55056.907751681683 0.035981509805389549 12.500000000000002 0.75357142857142867 0.73809523809523825 -234049.09999999998 -436410.60999999993 -377674.31999999995 3167.3750000000005 0.0037960554228891178 1.0000000180025095e-35 22.500000000000004 0.98452380952380969 0.10105202434854667 0.038867284594567016 9.5000000000000018
decision_type=2 2 2 2 2 2 2 2 2 2 2 2 2 2 2 2 2 2 2 2 2 2 2 2 2 2 2 2 2
left_child=1 17 5 -4 -5 6 7 -2 -8 10 -9 -11 14 -14 15 -6 -15 18 -1 26 21 22 -21 -23 25 -22 27 28 -19
right_child=2 -3 3 4 12 -7 8 9 -10 11 -12 -13 13 16 -16 -17 -18 19 -20 20 24 23 -24 -25 -26 -27 -28 -29 -30
leaf_value=-0.018469529289563705 -0.028761189060711768 -0.059522284312434941 0.057856063718157706 0.044838266946180289 0.045952658957339507 -0.020081318169303961 0.059122964555056182 0.011698845136043372 0.013675953310977942 -0.016946143597194561 0.051169989790084539 0.028642025817552798 -0.011233914422750088 0.066195665442907212 -0.035746173798273093 -0.00087475443496495505 0.024990736607636663 -0.007440938578896529 0.027813168474170414 -0.020187847853389812 -0.021876695216964143 -0.035334136169458526 0.048965249213782917 0.033573438332835936 0.021364703140755944 -0.0076921068561770257 -0.059789274382447966 0.01667723958251657 -0.038021267810239359
leaf_weight=6.2673739641904831 4.3944536447525016 3.6686087325215331 5.3285848051309577 8.5971300154924375 4.9488814026117343 5.2410333901643744 5.3576147407293302 55.381852060556412 5.1625801622867584 11.077658295631407 5.1189342290163031 4.1849924474954596 5.8909825831651679 5.143489941954611 5.149170219898223 7.0384637117385864 4.8598039299249649 7.0937243998050787 7.8646159917116147 4.495565518736842 48.770856723189354 8.3812970966100675 8.9607299715280515 3.4874445497989646 7.4918963611125937 96.668331570923328 3.092903107404708 3.7343399226665488 10.212930686771868
leaf_count=31 21 28 23 39 21 22 24 228 24 49 21 20 25 22 21 29 21 43 36 26 293 48 47 19 36 552 23 23 65
internal_value=-9.97424e-05 -0.00981256 0.014869 0.0239948 0.0196604 0.0104015 0.0121634 0.00892729 0.0368207 0.0111133 0.0150385 -0.00444595 0.0131072 0.0248988 0.00217046 0.0184576 0.0461775 -0.00897031 0.00728733 -0.0101055 -0.00831118 0.00667119 0.0258621 -0.0150867 -0.0107922 -0.0124487 -0.0233587 -0.0180036 -0.0254869
internal_weight=363.066 220.191 142.876 46.9565 41.6279 95.9191 90.6781 80.1579 10.5202 75.7634 60.5008 15.2627 33.0308 15.8943 17.1365 11.9873 10.0033 216.522 14.132 202.39 178.256 25.325 13.4563 11.8687 152.931 145.439 24.1339 21.041 17.3067
internal_count=1880 1270 610 201 178 409 387 339 48 318 249 69 139 68 71 50 43 1242 67 1175 1021 140 73 67 881 845 154 131 108
is_linear=0
shrinkage=0.05


end of trees

feature_importances:
Column_5=134
Column_3=127
Column_2=118
Column_13=96
Column_0=74
Column_4=64
Column_12=43
Column_17=43
Column_18=41
Column_20=19
Column_1=13
Column_6=5
Column_11=5
Column_8=4
Column_7=3
Column_9=2
Column_10=1

parameters:
[boosting: gbdt]
[objective: binary]
[metric: binary_logloss]
[tree_learner: serial]
[device_type: cpu]
[data_sample_strategy: bagging]
[data: ]
[valid: ]
[num_iterations: 300]
[learning_rate: 0.05]
[num_leaves: 31]
[num_threads: 10]
[seed: 42]
[deterministic: 0]
[force_col_wise: 0]
[force_row_wise: 0]
[histogram_pool_size: -1]
[max_depth: 7]
[min_data_in_leaf: 20]
[min_sum_hessian_in_leaf: 0.001]
[bagging_fraction: 0.8]
[pos_bagging_fraction: 1]
[neg_bagging_fraction: 1]
[bagging_freq: 0]
[bagging_seed: 400]
[bagging_by_query: 0]
[feature_fraction: 0.8]
[feature_fraction_bynode: 1]
[feature_fraction_seed: 30056]
[extra_trees: 0]
[extra_seed: 12879]
[early_stopping_round: 0]
[early_stopping_min_delta: 0]
[first_metric_only: 0]
[max_delta_step: 0]
[lambda_l1: 0]
[lambda_l2: 0]
[linear_lambda: 0]
[min_gain_to_split: 0]
[drop_rate: 0.1]
[max_drop: 50]
[skip_drop: 0.5]
[xgboost_dart_mode: 0]
[uniform_drop: 0]
[drop_seed: 17869]
[top_rate: 0.2]
[other_rate: 0.1]
[min_data_per_group: 100]
[max_cat_threshold: 32]
[cat_l2: 10]
[cat_smooth: 10]
[max_cat_to_onehot: 4]
[top_k: 20]
[monotone_constraints: ]
[monotone_constraints_method: basic]
[monotone_penalty: 0]
[feature_contri: ]
[forcedsplits_filename: ]
[refit_decay_rate: 0.9]
[cegb_tradeoff: 1]
[cegb_penalty_split: 0]
[cegb_penalty_feature_lazy: ]
[cegb_penalty_feature_coupled: ]
[path_smooth: 0]
[interaction_constraints: ]
[verbosity: -1]
[saved_feature_importance_type: 0]
[use_quantized_grad: 0]
[num_grad_quant_bins: 4]
[quant_train_renew_leaf: 0]
[stochastic_rounding: 1]
[linear_tree: 0]
[max_bin: 255]
[max_bin_by_feature: ]
[min_data_in_bin: 3]
[bin_construct_sample_cnt: 200000]
[data_random_seed: 175]
[is_enable_sparse: 1]
[enable_bundle: 1]
[use_missing: 1]
[zero_as_missing: 0]
[feature_pre_filter: 1]
[pre_partition: 0]
[two_round: 0]
[header: 0]
[label_column: ]
[weight_column: ]
[group_column: ]
[ignore_column: ]
[categorical_feature: ]
[forcedbins_filename: ]
[precise_float_parser: 0]
[parser_config_file: ]
[objective_seed: 16083]
[num_class: 1]
[is_unbalance: 0]
[scale_pos_weight: 1]
[sigmoid: 1]
[boost_from_average: 1]
[reg_sqrt: 0]
[alpha: 0.9]
[fair_c: 1]
[poisson_max_delta_step: 0.7]
[tweedie_variance_power: 1.5]
[lambdarank_truncation_level: 30]
[lambdarank_norm: 1]
[label_gain: ]
[lambdarank_position_bias_regularization: 0]
[eval_at: ]
[multi_error_top_k: 1]
[auc_mu_weights: ]
[num_machines: 1]
[local_listen_port: 12400]
[time_out: 120]
[machine_list_filename: ]
[machines: ]
[gpu_platform_id: -1]
[gpu_device_id: -1]
[gpu_device_id_list: ]
[gpu_use_dp: 0]
[num_gpu: 1]

end of parameters

pandas_categorical:null
